0	0	1
0	0.02	1
0	0.04	1
0	0.06	1
0	0.08	1
0	0.1	1
0	0.12	1
0	0.14	1
0	0.16	1
0	0.18	1
0	0.2	1
0	0.22	1
0	0.24	1
0	0.26	1
0	0.28	1
0	0.3	1
0	0.32	1
0	0.34	1
0	0.36	1
0	0.38	1
0	0.4	1
0	0.42	1
0	0.44	1
0	0.46	1
0	0.48	1
0	0.5	1
0	0.52	1
0	0.54	1
0	0.56	1
0	0.58	1
0	0.6	1
0	0.62	1
0	0.64	1
0	0.66	1
0	0.68	1
0	0.7	1
0	0.72	1
0	0.74	1
0	0.76	1
0	0.78	1
0	0.8	1
0	0.82	1
0	0.84	1
0	0.86	1
0	0.88	1
0	0.9	1
0	0.92	1
0	0.94	1
0	0.96	1
0	0.98	1
0	1	1
0.04	0	1
0.04	0.02	1.00179
0.04	0.04	1.00357
0.04	0.06	1.00536
0.04	0.08	1.00713
0.04	0.1	1.0089
0.04	0.12	1.01067
0.04	0.14	1.01242
0.04	0.16	1.01416
0.04	0.18	1.01588
0.04	0.2	1.01759
0.04	0.22	1.01928
0.04	0.24	1.02096
0.04	0.26	1.02261
0.04	0.28	1.02424
0.04	0.3	1.02585
0.04	0.32	1.02742
0.04	0.34	1.02898
0.04	0.36	1.0305
0.04	0.38	1.03198
0.04	0.4	1.03344
0.04	0.42	1.03485
0.04	0.44	1.03623
0.04	0.46	1.03756
0.04	0.48	1.03885
0.04	0.5	1.0401
0.04	0.52	1.04129
0.04	0.54	1.04243
0.04	0.56	1.04352
0.04	0.58	1.04454
0.04	0.6	1.04551
0.04	0.62	1.04641
0.04	0.64	1.04723
0.04	0.66	1.04799
0.04	0.68	1.04866
0.04	0.7	1.04926
0.04	0.72	1.04976
0.04	0.74	1.05017
0.04	0.76	1.05048
0.04	0.78	1.05068
0.04	0.8	1.05076
0.04	0.82	1.05072
0.04	0.84	1.05053
0.04	0.86	1.05019
0.04	0.88	1.04968
0.04	0.9	1.04898
0.04	0.92	1.04804
0.04	0.94	1.04684
0.04	0.96	1.04531
0.04	0.98	1.04335
0.04	1	1.04081
0.08	0	1
0.08	0.02	1.00358
0.08	0.04	1.00716
0.08	0.06	1.01073
0.08	0.08	1.01428
0.08	0.1	1.01783
0.08	0.12	1.02135
0.08	0.14	1.02485
0.08	0.16	1.02832
0.08	0.18	1.03177
0.08	0.2	1.03518
0.08	0.22	1.03856
0.08	0.24	1.0419
0.08	0.26	1.0452
0.08	0.28	1.04845
0.08	0.3	1.05165
0.08	0.32	1.05479
0.08	0.34	1.05788
0.08	0.36	1.06091
0.08	0.38	1.06387
0.08	0.4	1.06676
0.08	0.42	1.06957
0.08	0.44	1.07231
0.08	0.46	1.07496
0.08	0.48	1.07752
0.08	0.5	1.07998
0.08	0.52	1.08235
0.08	0.54	1.08461
0.08	0.56	1.08675
0.08	0.58	1.08878
0.08	0.6	1.09069
0.08	0.62	1.09246
0.08	0.64	1.09409
0.08	0.66	1.09557
0.08	0.68	1.0969
0.08	0.7	1.09806
0.08	0.72	1.09905
0.08	0.74	1.09984
0.08	0.76	1.10044
0.08	0.78	1.10082
0.08	0.8	1.10098
0.08	0.82	1.10088
0.08	0.84	1.10051
0.08	0.86	1.09985
0.08	0.88	1.09886
0.08	0.9	1.09751
0.08	0.92	1.09576
0.08	0.94	1.09354
0.08	0.96	1.09078
0.08	0.98	1.0874
0.08	1	1.08329
0.12	0	1
0.12	0.02	1.00539
0.12	0.04	1.01077
0.12	0.06	1.01613
0.12	0.08	1.02148
0.12	0.1	1.02679
0.12	0.12	1.03208
0.12	0.14	1.03734
0.12	0.16	1.04255
0.12	0.18	1.04772
0.12	0.2	1.05284
0.12	0.22	1.05791
0.12	0.24	1.06291
0.12	0.26	1.06785
0.12	0.28	1.07272
0.12	0.3	1.07751
0.12	0.32	1.08222
0.12	0.34	1.08684
0.12	0.36	1.09136
0.12	0.38	1.09579
0.12	0.4	1.10011
0.12	0.42	1.10431
0.12	0.44	1.10839
0.12	0.46	1.11235
0.12	0.48	1.11617
0.12	0.5	1.11984
0.12	0.52	1.12337
0.12	0.54	1.12673
0.12	0.56	1.12993
0.12	0.58	1.13295
0.12	0.6	1.13578
0.12	0.62	1.13841
0.12	0.64	1.14083
0.12	0.66	1.14304
0.12	0.68	1.14501
0.12	0.7	1.14673
0.12	0.72	1.14819
0.12	0.74	1.14938
0.12	0.76	1.15027
0.12	0.78	1.15084
0.12	0.8	1.15108
0.12	0.82	1.15096
0.12	0.84	1.15046
0.12	0.86	1.14953
0.12	0.88	1.14815
0.12	0.9	1.14628
0.12	0.92	1.14386
0.12	0.94	1.14084
0.12	0.96	1.13716
0.12	0.98	1.13274
0.12	1	1.1275
0.16	0	1
0.16	0.02	1.00721
0.16	0.04	1.01441
0.16	0.06	1.02159
0.16	0.08	1.02873
0.16	0.1	1.03584
0.16	0.12	1.04291
0.16	0.14	1.04993
0.16	0.16	1.0569
0.16	0.18	1.0638
0.16	0.2	1.07063
0.16	0.22	1.07739
0.16	0.24	1.08407
0.16	0.26	1.09066
0.16	0.28	1.09715
0.16	0.3	1.10353
0.16	0.32	1.1098
0.16	0.34	1.11596
0.16	0.36	1.12198
0.16	0.38	1.12787
0.16	0.4	1.13362
0.16	0.42	1.13921
0.16	0.44	1.14464
0.16	0.46	1.1499
0.16	0.48	1.15498
0.16	0.5	1.15986
0.16	0.52	1.16454
0.16	0.54	1.16901
0.16	0.56	1.17325
0.16	0.58	1.17726
0.16	0.6	1.18102
0.16	0.62	1.18451
0.16	0.64	1.18773
0.16	0.66	1.19066
0.16	0.68	1.19328
0.16	0.7	1.19557
0.16	0.72	1.19752
0.16	0.74	1.19911
0.16	0.76	1.20031
0.16	0.78	1.20111
0.16	0.8	1.20148
0.16	0.82	1.20138
0.16	0.84	1.2008
0.16	0.86	1.19969
0.16	0.88	1.19802
0.16	0.9	1.19574
0.16	0.92	1.19282
0.16	0.94	1.18919
0.16	0.96	1.18481
0.16	0.98	1.1796
0.16	1	1.17351
0.2	0	1
0.2	0.02	1.00906
0.2	0.04	1.0181
0.2	0.06	1.02711
0.2	0.08	1.03608
0.2	0.1	1.045
0.2	0.12	1.05387
0.2	0.14	1.06267
0.2	0.16	1.07141
0.2	0.18	1.08006
0.2	0.2	1.08862
0.2	0.22	1.09709
0.2	0.24	1.10545
0.2	0.26	1.11369
0.2	0.28	1.12182
0.2	0.3	1.12981
0.2	0.32	1.13765
0.2	0.34	1.14535
0.2	0.36	1.15289
0.2	0.38	1.16025
0.2	0.4	1.16743
0.2	0.42	1.17442
0.2	0.44	1.1812
0.2	0.46	1.18777
0.2	0.48	1.19411
0.2	0.5	1.20021
0.2	0.52	1.20606
0.2	0.54	1.21164
0.2	0.56	1.21694
0.2	0.58	1.22194
0.2	0.6	1.22663
0.2	0.62	1.231
0.2	0.64	1.23503
0.2	0.66	1.23869
0.2	0.68	1.24197
0.2	0.7	1.24486
0.2	0.72	1.24732
0.2	0.74	1.24934
0.2	0.76	1.2509
0.2	0.78	1.25196
0.2	0.8	1.2525
0.2	0.82	1.25249
0.2	0.84	1.2519
0.2	0.86	1.25069
0.2	0.88	1.24883
0.2	0.9	1.24627
0.2	0.92	1.24297
0.2	0.94	1.23888
0.2	0.96	1.23396
0.2	0.98	1.22815
0.2	1	1.2214
0.24	0	1
0.24	0.02	1.01094
0.24	0.04	1.02186
0.24	0.06	1.03273
0.24	0.08	1.04355
0.24	0.1	1.05431
0.24	0.12	1.065
0.24	0.14	1.07561
0.24	0.16	1.08613
0.24	0.18	1.09655
0.24	0.2	1.10686
0.24	0.22	1.11705
0.24	0.24	1.12712
0.24	0.26	1.13704
0.24	0.28	1.14682
0.24	0.3	1.15643
0.24	0.32	1.16587
0.24	0.34	1.17512
0.24	0.36	1.18418
0.24	0.38	1.19304
0.24	0.4	1.20167
0.24	0.42	1.21007
0.24	0.44	1.21822
0.24	0.46	1.22611
0.24	0.48	1.23373
0.24	0.5	1.24106
0.24	0.52	1.24809
0.24	0.54	1.25479
0.24	0.56	1.26117
0.24	0.58	1.26718
0.24	0.6	1.27283
0.24	0.62	1.27809
0.24	0.64	1.28295
0.24	0.66	1.28737
0.24	0.68	1.29135
0.24	0.7	1.29485
0.24	0.72	1.29787
0.24	0.74	1.30036
0.24	0.76	1.3023
0.24	0.78	1.30368
0.24	0.8	1.30445
0.24	0.82	1.30459
0.24	0.84	1.30406
0.24	0.86	1.30283
0.24	0.88	1.30087
0.24	0.9	1.29812
0.24	0.92	1.29456
0.24	0.94	1.29014
0.24	0.96	1.28481
0.24	0.98	1.27853
0.24	1	1.27125
0.28	0	1
0.28	0.02	1.01286
0.28	0.04	1.02568
0.28	0.06	1.03845
0.28	0.08	1.05115
0.28	0.1	1.06378
0.28	0.12	1.07632
0.28	0.14	1.08877
0.28	0.16	1.1011
0.28	0.18	1.11332
0.28	0.2	1.12541
0.28	0.22	1.13736
0.28	0.24	1.14916
0.28	0.26	1.16078
0.28	0.28	1.17223
0.28	0.3	1.18349
0.28	0.32	1.19455
0.28	0.34	1.20538
0.28	0.36	1.21599
0.28	0.38	1.22635
0.28	0.4	1.23646
0.28	0.42	1.24629
0.28	0.44	1.25583
0.28	0.46	1.26507
0.28	0.48	1.27399
0.28	0.5	1.28257
0.28	0.52	1.2908
0.28	0.54	1.29866
0.28	0.56	1.30613
0.28	0.58	1.31319
0.28	0.6	1.31982
0.28	0.62	1.326
0.28	0.64	1.33171
0.28	0.66	1.33693
0.28	0.68	1.34163
0.28	0.7	1.34579
0.28	0.72	1.34939
0.28	0.74	1.3524
0.28	0.76	1.35478
0.28	0.78	1.35652
0.28	0.8	1.35758
0.28	0.82	1.35793
0.28	0.84	1.35753
0.28	0.86	1.35636
0.28	0.88	1.35437
0.28	0.9	1.35153
0.28	0.92	1.3478
0.28	0.94	1.34313
0.28	0.96	1.33749
0.28	0.98	1.33084
0.28	1	1.32313
0.32	0	1
0.32	0.02	1.01482
0.32	0.04	1.02959
0.32	0.06	1.04429
0.32	0.08	1.05891
0.32	0.1	1.07345
0.32	0.12	1.08788
0.32	0.14	1.1022
0.32	0.16	1.11639
0.32	0.18	1.13044
0.32	0.2	1.14434
0.32	0.22	1.15807
0.32	0.24	1.17163
0.32	0.26	1.18499
0.32	0.28	1.19814
0.32	0.3	1.21108
0.32	0.32	1.22377
0.32	0.34	1.23622
0.32	0.36	1.24841
0.32	0.38	1.26031
0.32	0.4	1.27192
0.32	0.42	1.28321
0.32	0.44	1.29417
0.32	0.46	1.30479
0.32	0.48	1.31503
0.32	0.5	1.3249
0.32	0.52	1.33436
0.32	0.54	1.3434
0.32	0.56	1.35199
0.32	0.58	1.36013
0.32	0.6	1.36777
0.32	0.62	1.37491
0.32	0.64	1.38151
0.32	0.66	1.38756
0.32	0.68	1.39303
0.32	0.7	1.39789
0.32	0.72	1.40212
0.32	0.74	1.40568
0.32	0.76	1.40856
0.32	0.78	1.41071
0.32	0.8	1.41211
0.32	0.82	1.41273
0.32	0.84	1.41253
0.32	0.86	1.41148
0.32	0.88	1.40954
0.32	0.9	1.40667
0.32	0.92	1.40284
0.32	0.94	1.39801
0.32	0.96	1.39214
0.32	0.98	1.3852
0.32	1	1.37713
0.36	0	1
0.36	0.02	1.01682
0.36	0.04	1.03358
0.36	0.06	1.05026
0.36	0.08	1.06685
0.36	0.1	1.08334
0.36	0.12	1.0997
0.36	0.14	1.11593
0.36	0.16	1.13201
0.36	0.18	1.14794
0.36	0.2	1.16368
0.36	0.22	1.17924
0.36	0.24	1.19459
0.36	0.26	1.20972
0.36	0.28	1.22462
0.36	0.3	1.23927
0.36	0.32	1.25364
0.36	0.34	1.26774
0.36	0.36	1.28153
0.36	0.38	1.29501
0.36	0.4	1.30815
0.36	0.42	1.32094
0.36	0.44	1.33336
0.36	0.46	1.34538
0.36	0.48	1.357
0.36	0.5	1.36818
0.36	0.52	1.37891
0.36	0.54	1.38916
0.36	0.56	1.39892
0.36	0.58	1.40816
0.36	0.6	1.41686
0.36	0.62	1.42499
0.36	0.64	1.43253
0.36	0.66	1.43945
0.36	0.68	1.44573
0.36	0.7	1.45134
0.36	0.72	1.45624
0.36	0.74	1.46042
0.36	0.76	1.46383
0.36	0.78	1.46645
0.36	0.8	1.46825
0.36	0.82	1.4692
0.36	0.84	1.46925
0.36	0.86	1.46838
0.36	0.88	1.46655
0.36	0.9	1.46372
0.36	0.92	1.45986
0.36	0.94	1.45493
0.36	0.96	1.44888
0.36	0.98	1.4417
0.36	1	1.43333
0.4	0	1
0.4	0.02	1.01888
0.4	0.04	1.03768
0.4	0.06	1.05639
0.4	0.08	1.07499
0.4	0.1	1.09347
0.4	0.12	1.11181
0.4	0.14	1.13
0.4	0.16	1.14802
0.4	0.18	1.16586
0.4	0.2	1.1835
0.4	0.22	1.20092
0.4	0.24	1.21811
0.4	0.26	1.23506
0.4	0.28	1.25174
0.4	0.3	1.26813
0.4	0.32	1.28423
0.4	0.34	1.30002
0.4	0.36	1.31546
0.4	0.38	1.33055
0.4	0.4	1.34527
0.4	0.42	1.3596
0.4	0.44	1.37351
0.4	0.46	1.38698
0.4	0.48	1.4
0.4	0.5	1.41254
0.4	0.52	1.42458
0.4	0.54	1.4361
0.4	0.56	1.44706
0.4	0.58	1.45746
0.4	0.6	1.46725
0.4	0.62	1.47642
0.4	0.64	1.48494
0.4	0.66	1.49278
0.4	0.68	1.49992
0.4	0.7	1.50631
0.4	0.72	1.51194
0.4	0.74	1.51678
0.4	0.76	1.52078
0.4	0.78	1.52393
0.4	0.8	1.52618
0.4	0.82	1.5275
0.4	0.84	1.52786
0.4	0.86	1.52722
0.4	0.88	1.52556
0.4	0.9	1.52282
0.4	0.92	1.51898
0.4	0.94	1.514
0.4	0.96	1.50783
0.4	0.98	1.50046
0.4	1	1.49182
0.44	0	1
0.44	0.02	1.02099
0.44	0.04	1.04189
0.44	0.06	1.06269
0.44	0.08	1.08335
0.44	0.1	1.10388
0.44	0.12	1.12425
0.44	0.14	1.14444
0.44	0.16	1.16445
0.44	0.18	1.18425
0.44	0.2	1.20383
0.44	0.22	1.22316
0.44	0.24	1.24224
0.44	0.26	1.26105
0.44	0.28	1.27956
0.44	0.3	1.29775
0.44	0.32	1.31562
0.44	0.34	1.33313
0.44	0.36	1.35027
0.44	0.38	1.36703
0.44	0.4	1.38337
0.44	0.42	1.39927
0.44	0.44	1.41472
0.44	0.46	1.4297
0.44	0.48	1.44417
0.44	0.5	1.45811
0.44	0.52	1.47151
0.44	0.54	1.48433
0.44	0.56	1.49655
0.44	0.58	1.50815
0.44	0.6	1.51909
0.44	0.62	1.52934
0.44	0.64	1.53889
0.44	0.66	1.5477
0.44	0.68	1.55574
0.44	0.7	1.56298
0.44	0.72	1.56939
0.44	0.74	1.57493
0.44	0.76	1.57958
0.44	0.78	1.58329
0.44	0.8	1.58605
0.44	0.82	1.5878
0.44	0.84	1.58852
0.44	0.86	1.58817
0.44	0.88	1.58672
0.44	0.9	1.58412
0.44	0.92	1.58034
0.44	0.94	1.57535
0.44	0.96	1.5691
0.44	0.98	1.56157
0.44	1	1.55271
0.48	0	1
0.48	0.02	1.02317
0.48	0.04	1.04622
0.48	0.06	1.06916
0.48	0.08	1.09194
0.48	0.1	1.11457
0.48	0.12	1.13703
0.48	0.14	1.15928
0.48	0.16	1.18133
0.48	0.18	1.20315
0.48	0.2	1.22471
0.48	0.22	1.24602
0.48	0.24	1.26703
0.48	0.26	1.28775
0.48	0.28	1.30813
0.48	0.3	1.32818
0.48	0.32	1.34786
0.48	0.34	1.36716
0.48	0.36	1.38605
0.48	0.38	1.40451
0.48	0.4	1.42252
0.48	0.42	1.44006
0.48	0.44	1.4571
0.48	0.46	1.47362
0.48	0.48	1.4896
0.48	0.5	1.505
0.48	0.52	1.5198
0.48	0.54	1.53398
0.48	0.56	1.54751
0.48	0.58	1.56036
0.48	0.6	1.5725
0.48	0.62	1.5839
0.48	0.64	1.59453
0.48	0.66	1.60436
0.48	0.68	1.61335
0.48	0.7	1.62149
0.48	0.72	1.62872
0.48	0.74	1.63503
0.48	0.76	1.64037
0.48	0.78	1.64471
0.48	0.8	1.64802
0.48	0.82	1.65025
0.48	0.84	1.65138
0.48	0.86	1.65136
0.48	0.88	1.65017
0.48	0.9	1.64775
0.48	0.92	1.64408
0.48	0.94	1.63911
0.48	0.96	1.63281
0.48	0.98	1.62515
0.48	1	1.61607
0.52	0	1
0.52	0.02	1.0254
0.52	0.04	1.05068
0.52	0.06	1.07581
0.52	0.08	1.10078
0.52	0.1	1.12557
0.52	0.12	1.15017
0.52	0.14	1.17454
0.52	0.16	1.19869
0.52	0.18	1.22258
0.52	0.2	1.24619
0.52	0.22	1.26951
0.52	0.24	1.29252
0.52	0.26	1.3152
0.52	0.28	1.33753
0.52	0.3	1.35948
0.52	0.32	1.38103
0.52	0.34	1.40216
0.52	0.36	1.42286
0.52	0.38	1.44308
0.52	0.4	1.46282
0.52	0.42	1.48205
0.52	0.44	1.50074
0.52	0.46	1.51886
0.52	0.48	1.53639
0.52	0.5	1.5533
0.52	0.52	1.56957
0.52	0.54	1.58517
0.52	0.56	1.60006
0.52	0.58	1.61421
0.52	0.6	1.62761
0.52	0.62	1.6402
0.52	0.64	1.65197
0.52	0.66	1.66288
0.52	0.68	1.67289
0.52	0.7	1.68197
0.52	0.72	1.6901
0.52	0.74	1.69722
0.52	0.76	1.70331
0.52	0.78	1.70832
0.52	0.8	1.71223
0.52	0.82	1.715
0.52	0.84	1.71658
0.52	0.86	1.71694
0.52	0.88	1.71604
0.52	0.9	1.71384
0.52	0.92	1.71031
0.52	0.94	1.70539
0.52	0.96	1.69907
0.52	0.98	1.69129
0.52	1	1.68203
0.56	0	1
0.56	0.02	1.0277
0.56	0.04	1.05526
0.56	0.06	1.08266
0.56	0.08	1.10988
0.56	0.1	1.13689
0.56	0.12	1.16369
0.56	0.14	1.19025
0.56	0.16	1.21655
0.56	0.18	1.24257
0.56	0.2	1.26829
0.56	0.22	1.29369
0.56	0.24	1.31876
0.56	0.26	1.34346
0.56	0.28	1.36777
0.56	0.3	1.39169
0.56	0.32	1.41517
0.56	0.34	1.4382
0.56	0.36	1.46075
0.56	0.38	1.4828
0.56	0.4	1.50433
0.56	0.42	1.5253
0.56	0.44	1.5457
0.56	0.46	1.56548
0.56	0.48	1.58463
0.56	0.5	1.60312
0.56	0.52	1.62091
0.56	0.54	1.63798
0.56	0.56	1.65429
0.56	0.58	1.66982
0.56	0.6	1.68452
0.56	0.62	1.69838
0.56	0.64	1.71134
0.56	0.66	1.72339
0.56	0.68	1.73447
0.56	0.7	1.74457
0.56	0.72	1.75363
0.56	0.74	1.76162
0.56	0.76	1.76851
0.56	0.78	1.77426
0.56	0.8	1.77882
0.56	0.82	1.78217
0.56	0.84	1.78425
0.56	0.86	1.78502
0.56	0.88	1.78446
0.56	0.9	1.78252
0.56	0.92	1.77915
0.56	0.94	1.77433
0.56	0.96	1.768
0.56	0.98	1.76012
0.56	1	1.75067
0.6	0	1
0.6	0.02	1.03007
0.6	0.04	1.05999
0.6	0.06	1.08972
0.6	0.08	1.11924
0.6	0.1	1.14855
0.6	0.12	1.17761
0.6	0.14	1.20641
0.6	0.16	1.23493
0.6	0.18	1.26314
0.6	0.2	1.29103
0.6	0.22	1.31858
0.6	0.24	1.34576
0.6	0.26	1.37254
0.6	0.28	1.39892
0.6	0.3	1.42485
0.6	0.32	1.45033
0.6	0.34	1.47531
0.6	0.36	1.49979
0.6	0.38	1.52373
0.6	0.4	1.5471
0.6	0.42	1.56989
0.6	0.44	1.59205
0.6	0.46	1.61356
0.6	0.48	1.63439
0.6	0.5	1.65452
0.6	0.52	1.6739
0.6	0.54	1.6925
0.6	0.56	1.71031
0.6	0.58	1.72726
0.6	0.6	1.74335
0.6	0.62	1.75852
0.6	0.64	1.77275
0.6	0.66	1.78599
0.6	0.68	1.79821
0.6	0.7	1.80938
0.6	0.72	1.81944
0.6	0.74	1.82837
0.6	0.76	1.83612
0.6	0.78	1.84264
0.6	0.8	1.84791
0.6	0.82	1.85188
0.6	0.84	1.85451
0.6	0.86	1.85575
0.6	0.88	1.85556
0.6	0.9	1.85391
0.6	0.92	1.85074
0.6	0.94	1.84602
0.6	0.96	1.83971
0.6	0.98	1.83175
0.6	1	1.82212
0.64	0	1
0.64	0.02	1.03252
0.64	0.04	1.06485
0.64	0.06	1.09698
0.64	0.08	1.12888
0.64	0.1	1.16054
0.64	0.12	1.19193
0.64	0.14	1.22304
0.64	0.16	1.25385
0.64	0.18	1.28432
0.64	0.2	1.31444
0.64	0.22	1.3442
0.64	0.24	1.37355
0.64	0.26	1.40249
0.64	0.28	1.43098
0.64	0.3	1.459
0.64	0.32	1.48653
0.64	0.34	1.51355
0.64	0.36	1.54001
0.64	0.38	1.5659
0.64	0.4	1.59119
0.64	0.42	1.61585
0.64	0.44	1.63985
0.64	0.46	1.66316
0.64	0.48	1.68574
0.64	0.5	1.70757
0.64	0.52	1.72861
0.64	0.54	1.74882
0.64	0.56	1.76818
0.64	0.58	1.78664
0.64	0.6	1.80417
0.64	0.62	1.82073
0.64	0.64	1.83629
0.64	0.66	1.8508
0.64	0.68	1.86422
0.64	0.7	1.87652
0.64	0.72	1.88764
0.64	0.74	1.89756
0.64	0.76	1.90623
0.64	0.78	1.9136
0.64	0.8	1.91963
0.64	0.82	1.92427
0.64	0.84	1.92749
0.64	0.86	1.92924
0.64	0.88	1.92947
0.64	0.9	1.92814
0.64	0.92	1.9252
0.64	0.94	1.92061
0.64	0.96	1.91432
0.64	0.98	1.90629
0.64	1	1.89648
0.68	0	1
0.68	0.02	1.03503
0.68	0.04	1.06985
0.68	0.06	1.10445
0.68	0.08	1.1388
0.68	0.1	1.17288
0.68	0.12	1.20667
0.68	0.14	1.24016
0.68	0.16	1.27331
0.68	0.18	1.30611
0.68	0.2	1.33853
0.68	0.22	1.37055
0.68	0.24	1.40215
0.68	0.26	1.4333
0.68	0.28	1.46398
0.68	0.3	1.49416
0.68	0.32	1.52382
0.68	0.34	1.55292
0.68	0.36	1.58145
0.68	0.38	1.60936
0.68	0.4	1.63664
0.68	0.42	1.66324
0.68	0.44	1.68915
0.68	0.46	1.71432
0.68	0.48	1.73872
0.68	0.5	1.76233
0.68	0.52	1.7851
0.68	0.54	1.80699
0.68	0.56	1.82798
0.68	0.58	1.84801
0.68	0.6	1.86706
0.68	0.62	1.88509
0.68	0.64	1.90204
0.68	0.66	1.91789
0.68	0.68	1.93258
0.68	0.7	1.94608
0.68	0.72	1.95834
0.68	0.74	1.96931
0.68	0.76	1.97896
0.68	0.78	1.98722
0.68	0.8	1.99407
0.68	0.82	1.99945
0.68	0.84	2.00331
0.68	0.86	2.00561
0.68	0.88	2.00629
0.68	0.9	2.00532
0.68	0.92	2.00264
0.68	0.94	1.9982
0.68	0.96	1.99196
0.68	0.98	1.98387
0.68	1	1.97388
0.72	0	1
0.72	0.02	1.03761
0.72	0.04	1.07499
0.72	0.06	1.11213
0.72	0.08	1.14899
0.72	0.1	1.18556
0.72	0.12	1.22182
0.72	0.14	1.25775
0.72	0.16	1.29332
0.72	0.18	1.32851
0.72	0.2	1.3633
0.72	0.22	1.39766
0.72	0.24	1.43157
0.72	0.26	1.46501
0.72	0.28	1.49794
0.72	0.3	1.53034
0.72	0.32	1.56219
0.72	0.34	1.59346
0.72	0.36	1.62411
0.72	0.38	1.65412
0.72	0.4	1.68345
0.72	0.42	1.71208
0.72	0.44	1.73996
0.72	0.46	1.76708
0.72	0.48	1.79338
0.72	0.5	1.81884
0.72	0.52	1.84341
0.72	0.54	1.86706
0.72	0.56	1.88975
0.72	0.58	1.91144
0.72	0.6	1.93209
0.72	0.62	1.95165
0.72	0.64	1.97008
0.72	0.66	1.98734
0.72	0.68	2.00338
0.72	0.7	2.01815
0.72	0.72	2.03161
0.72	0.74	2.04371
0.72	0.76	2.0544
0.72	0.78	2.06363
0.72	0.8	2.07136
0.72	0.82	2.07752
0.72	0.84	2.08208
0.72	0.86	2.08497
0.72	0.88	2.08616
0.72	0.9	2.08558
0.72	0.92	2.08318
0.72	0.94	2.07892
0.72	0.96	2.07275
0.72	0.98	2.0646
0.72	1	2.05443
0.76	0	1
0.76	0.02	1.04026
0.76	0.04	1.08027
0.76	0.06	1.12001
0.76	0.08	1.15946
0.76	0.1	1.19859
0.76	0.12	1.23738
0.76	0.14	1.27582
0.76	0.16	1.31387
0.76	0.18	1.35152
0.76	0.2	1.38874
0.76	0.22	1.42551
0.76	0.24	1.4618
0.76	0.26	1.49759
0.76	0.28	1.53284
0.76	0.3	1.56754
0.76	0.32	1.60166
0.76	0.34	1.63516
0.76	0.36	1.66801
0.76	0.38	1.70019
0.76	0.4	1.73165
0.76	0.42	1.76237
0.76	0.44	1.79232
0.76	0.46	1.82145
0.76	0.48	1.84973
0.76	0.5	1.87712
0.76	0.52	1.90358
0.76	0.54	1.92907
0.76	0.56	1.95355
0.76	0.58	1.97697
0.76	0.6	1.9993
0.76	0.62	2.02048
0.76	0.64	2.04046
0.76	0.66	2.05921
0.76	0.68	2.07668
0.76	0.7	2.0928
0.76	0.72	2.10754
0.76	0.74	2.12084
0.76	0.76	2.13265
0.76	0.78	2.14291
0.76	0.8	2.15158
0.76	0.82	2.15859
0.76	0.84	2.1639
0.76	0.86	2.16745
0.76	0.88	2.16918
0.76	0.9	2.16903
0.76	0.92	2.16696
0.76	0.94	2.16291
0.76	0.96	2.15681
0.76	0.98	2.14862
0.76	1	2.13828
0.8	0	1
0.8	0.02	1.04299
0.8	0.04	1.08569
0.8	0.06	1.1281
0.8	0.08	1.1702
0.8	0.1	1.21195
0.8	0.12	1.25334
0.8	0.14	1.29435
0.8	0.16	1.33495
0.8	0.18	1.37513
0.8	0.2	1.41485
0.8	0.22	1.45409
0.8	0.24	1.49282
0.8	0.26	1.53103
0.8	0.28	1.56868
0.8	0.3	1.60575
0.8	0.32	1.6422
0.8	0.34	1.678
0.8	0.36	1.71313
0.8	0.38	1.74755
0.8	0.4	1.78123
0.8	0.42	1.81413
0.8	0.44	1.84621
0.8	0.46	1.87744
0.8	0.48	1.90778
0.8	0.5	1.93719
0.8	0.52	1.96562
0.8	0.54	1.99303
0.8	0.56	2.01938
0.8	0.58	2.04463
0.8	0.6	2.06872
0.8	0.62	2.0916
0.8	0.64	2.11324
0.8	0.66	2.13357
0.8	0.68	2.15254
0.8	0.7	2.1701
0.8	0.72	2.1862
0.8	0.74	2.20078
0.8	0.76	2.21378
0.8	0.78	2.22516
0.8	0.8	2.23484
0.8	0.82	2.24277
0.8	0.84	2.24889
0.8	0.86	2.25314
0.8	0.88	2.25547
0.8	0.9	2.25581
0.8	0.92	2.25409
0.8	0.94	2.25027
0.8	0.96	2.24428
0.8	0.98	2.23606
0.8	1	2.22554
0.84	0	1
0.84	0.02	1.04577
0.84	0.04	1.09124
0.84	0.06	1.13639
0.84	0.08	1.18119
0.84	0.1	1.22563
0.84	0.12	1.26969
0.84	0.14	1.31333
0.84	0.16	1.35655
0.84	0.18	1.39931
0.84	0.2	1.44159
0.84	0.22	1.48337
0.84	0.24	1.52462
0.84	0.26	1.56532
0.84	0.28	1.60543
0.84	0.3	1.64493
0.84	0.32	1.68379
0.84	0.34	1.72198
0.84	0.36	1.75946
0.84	0.38	1.7962
0.84	0.4	1.83217
0.84	0.42	1.86732
0.84	0.44	1.90162
0.84	0.46	1.93504
0.84	0.48	1.96752
0.84	0.5	1.99903
0.84	0.52	2.02952
0.84	0.54	2.05895
0.84	0.56	2.08727
0.84	0.58	2.11443
0.84	0.6	2.14037
0.84	0.62	2.16506
0.84	0.64	2.18843
0.84	0.66	2.21043
0.84	0.68	2.23101
0.84	0.7	2.2501
0.84	0.72	2.26764
0.84	0.74	2.28359
0.84	0.76	2.29788
0.84	0.78	2.31044
0.84	0.8	2.32121
0.84	0.82	2.33013
0.84	0.84	2.33714
0.84	0.86	2.34216
0.84	0.88	2.34514
0.84	0.9	2.34601
0.84	0.92	2.3447
0.84	0.94	2.34115
0.84	0.96	2.33529
0.84	0.98	2.32705
0.84	1	2.31637
0.88	0	1
0.88	0.02	1.04862
0.88	0.04	1.09691
0.88	0.06	1.14486
0.88	0.08	1.19243
0.88	0.1	1.23962
0.88	0.12	1.28639
0.88	0.14	1.33273
0.88	0.16	1.37862
0.88	0.18	1.42403
0.88	0.2	1.46894
0.88	0.22	1.51332
0.88	0.24	1.55715
0.88	0.26	1.6004
0.88	0.28	1.64304
0.88	0.3	1.68505
0.88	0.32	1.72639
0.88	0.34	1.76703
0.88	0.36	1.80694
0.88	0.38	1.84608
0.88	0.4	1.88441
0.88	0.42	1.92191
0.88	0.44	1.95852
0.88	0.46	1.9942
0.88	0.48	2.02892
0.88	0.5	2.06263
0.88	0.52	2.09527
0.88	0.54	2.12681
0.88	0.56	2.15719
0.88	0.58	2.18636
0.88	0.6	2.21426
0.88	0.62	2.24085
0.88	0.64	2.26605
0.88	0.66	2.28982
0.88	0.68	2.3121
0.88	0.7	2.33282
0.88	0.72	2.35191
0.88	0.74	2.36932
0.88	0.76	2.38498
0.88	0.78	2.39882
0.88	0.8	2.41077
0.88	0.82	2.42077
0.88	0.84	2.42873
0.88	0.86	2.4346
0.88	0.88	2.4383
0.88	0.9	2.43976
0.88	0.92	2.43891
0.88	0.94	2.43567
0.88	0.96	2.42997
0.88	0.98	2.42173
0.88	1	2.4109
0.92	0	1
0.92	0.02	1.05153
0.92	0.04	1.1027
0.92	0.06	1.15349
0.92	0.08	1.20389
0.92	0.1	1.25387
0.92	0.12	1.30342
0.92	0.14	1.35251
0.92	0.16	1.40113
0.92	0.18	1.44924
0.92	0.2	1.49684
0.92	0.22	1.54388
0.92	0.24	1.59035
0.92	0.26	1.63622
0.92	0.28	1.68146
0.92	0.3	1.72604
0.92	0.32	1.76993
0.92	0.34	1.8131
0.92	0.36	1.85551
0.92	0.38	1.89713
0.92	0.4	1.93791
0.92	0.42	1.97783
0.92	0.44	2.01683
0.92	0.46	2.05488
0.92	0.48	2.09192
0.92	0.5	2.12792
0.92	0.52	2.16282
0.92	0.54	2.19656
0.92	0.56	2.2291
0.92	0.58	2.26039
0.92	0.6	2.29035
0.92	0.62	2.31894
0.92	0.64	2.3461
0.92	0.66	2.37175
0.92	0.68	2.39583
0.92	0.7	2.41828
0.92	0.72	2.43903
0.92	0.74	2.45801
0.92	0.76	2.47514
0.92	0.78	2.49036
0.92	0.8	2.50359
0.92	0.82	2.51475
0.92	0.84	2.52376
0.92	0.86	2.53056
0.92	0.88	2.53506
0.92	0.9	2.53717
0.92	0.92	2.53683
0.92	0.94	2.53395
0.92	0.96	2.52846
0.92	0.98	2.52026
0.92	1	2.50929
0.96	0	1
0.96	0.02	1.05448
0.96	0.04	1.10858
0.96	0.06	1.16227
0.96	0.08	1.21554
0.96	0.1	1.26837
0.96	0.12	1.32074
0.96	0.14	1.37263
0.96	0.16	1.42403
0.96	0.18	1.4749
0.96	0.2	1.52523
0.96	0.22	1.57499
0.96	0.24	1.62415
0.96	0.26	1.6727
0.96	0.28	1.7206
0.96	0.3	1.76782
0.96	0.32	1.81433
0.96	0.34	1.86009
0.96	0.36	1.90508
0.96	0.38	1.94926
0.96	0.4	1.99257
0.96	0.42	2.035
0.96	0.44	2.07648
0.96	0.46	2.11698
0.96	0.48	2.15645
0.96	0.5	2.19483
0.96	0.52	2.23208
0.96	0.54	2.26814
0.96	0.56	2.30296
0.96	0.58	2.33646
0.96	0.6	2.3686
0.96	0.62	2.39931
0.96	0.64	2.42853
0.96	0.66	2.45617
0.96	0.68	2.48218
0.96	0.7	2.50649
0.96	0.72	2.52901
0.96	0.74	2.54967
0.96	0.76	2.56839
0.96	0.78	2.5851
0.96	0.8	2.59971
0.96	0.82	2.61214
0.96	0.84	2.6223
0.96	0.86	2.63012
0.96	0.88	2.6355
0.96	0.9	2.63835
0.96	0.92	2.6386
0.96	0.94	2.63614
0.96	0.96	2.6309
0.96	0.98	2.62278
0.96	1	2.6117
1	0	1
1	0.02	1.05748
1	0.04	1.11454
1	0.06	1.17117
1	0.08	1.22735
1	0.1	1.28307
1	0.12	1.3383
1	0.14	1.39303
1	0.16	1.44725
1	0.18	1.50092
1	0.2	1.55403
1	0.22	1.60655
1	0.24	1.65847
1	0.26	1.70975
1	0.28	1.76036
1	0.3	1.81028
1	0.32	1.85947
1	0.34	1.90791
1	0.36	1.95555
1	0.38	2.00235
1	0.4	2.04828
1	0.42	2.0933
1	0.44	2.13735
1	0.46	2.1804
1	0.48	2.22239
1	0.5	2.26326
1	0.52	2.30297
1	0.54	2.34145
1	0.56	2.37865
1	0.58	2.4145
1	0.6	2.44894
1	0.62	2.48189
1	0.64	2.51328
1	0.66	2.54305
1	0.68	2.57112
1	0.7	2.5974
1	0.72	2.62182
1	0.74	2.64429
1	0.76	2.66474
1	0.78	2.68306
1	0.8	2.69917
1	0.82	2.71299
1	0.84	2.72442
1	0.86	2.73336
1	0.88	2.73972
1	0.9	2.7434
1	0.92	2.74431
1	0.94	2.74236
1	0.96	2.73743
1	0.98	2.72944
1	1	2.71828
1.04	0	1
1.04	0.02	1.0605
1.04	0.04	1.12056
1.04	0.06	1.18015
1.04	0.08	1.23927
1.04	0.1	1.2979
1.04	0.12	1.35603
1.04	0.14	1.41364
1.04	0.16	1.47071
1.04	0.18	1.52722
1.04	0.2	1.58315
1.04	0.22	1.63848
1.04	0.24	1.69318
1.04	0.26	1.74724
1.04	0.28	1.80062
1.04	0.3	1.85329
1.04	0.32	1.90523
1.04	0.34	1.9564
1.04	0.36	2.00676
1.04	0.38	2.05627
1.04	0.4	2.10489
1.04	0.42	2.15259
1.04	0.44	2.1993
1.04	0.46	2.24499
1.04	0.48	2.28959
1.04	0.5	2.33307
1.04	0.52	2.37534
1.04	0.54	2.41637
1.04	0.56	2.45607
1.04	0.58	2.49438
1.04	0.6	2.53124
1.04	0.62	2.56656
1.04	0.64	2.60028
1.04	0.66	2.63231
1.04	0.68	2.66257
1.04	0.7	2.69097
1.04	0.72	2.71743
1.04	0.74	2.74186
1.04	0.76	2.76416
1.04	0.78	2.78424
1.04	0.8	2.80199
1.04	0.82	2.81733
1.04	0.84	2.83015
1.04	0.86	2.84034
1.04	0.88	2.8478
1.04	0.9	2.85242
1.04	0.92	2.8541
1.04	0.94	2.85273
1.04	0.96	2.8482
1.04	0.98	2.8404
1.04	1	2.82922
1.08	0	1
1.08	0.02	1.06354
1.08	0.04	1.12661
1.08	0.06	1.18919
1.08	0.08	1.25126
1.08	0.1	1.31283
1.08	0.12	1.37387
1.08	0.14	1.43436
1.08	0.16	1.49431
1.08	0.18	1.55368
1.08	0.2	1.61246
1.08	0.22	1.67062
1.08	0.24	1.72816
1.08	0.26	1.78503
1.08	0.28	1.84122
1.08	0.3	1.8967
1.08	0.32	1.95144
1.08	0.34	2.00539
1.08	0.36	2.05854
1.08	0.38	2.11083
1.08	0.4	2.16222
1.08	0.42	2.21267
1.08	0.44	2.26214
1.08	0.46	2.31056
1.08	0.48	2.35789
1.08	0.5	2.40407
1.08	0.52	2.44903
1.08	0.54	2.49271
1.08	0.56	2.53504
1.08	0.58	2.57595
1.08	0.6	2.61537
1.08	0.62	2.65321
1.08	0.64	2.68939
1.08	0.66	2.72383
1.08	0.68	2.75644
1.08	0.7	2.78712
1.08	0.72	2.81577
1.08	0.74	2.84231
1.08	0.76	2.86663
1.08	0.78	2.88861
1.08	0.8	2.90817
1.08	0.82	2.92518
1.08	0.84	2.93953
1.08	0.86	2.95111
1.08	0.88	2.95981
1.08	0.9	2.9655
1.08	0.92	2.96806
1.08	0.94	2.96739
1.08	0.96	2.96334
1.08	0.98	2.95582
1.08	1	2.94468
1.12	0	1
1.12	0.02	1.06659
1.12	0.04	1.13266
1.12	0.06	1.19822
1.12	0.08	1.26326
1.12	0.1	1.32776
1.12	0.12	1.39171
1.12	0.14	1.45511
1.12	0.16	1.51794
1.12	0.18	1.58018
1.12	0.2	1.64182
1.12	0.22	1.70285
1.12	0.24	1.76323
1.12	0.26	1.82295
1.12	0.28	1.88199
1.12	0.3	1.94031
1.12	0.32	1.99789
1.12	0.34	2.05469
1.12	0.36	2.11068
1.12	0.38	2.16581
1.12	0.4	2.22005
1.12	0.42	2.27334
1.12	0.44	2.32564
1.12	0.46	2.3769
1.12	0.48	2.42705
1.12	0.5	2.47605
1.12	0.52	2.52381
1.12	0.54	2.57027
1.12	0.56	2.61537
1.12	0.58	2.65902
1.12	0.6	2.70114
1.12	0.62	2.74164
1.12	0.64	2.78045
1.12	0.66	2.81746
1.12	0.68	2.85258
1.12	0.7	2.8857
1.12	0.72	2.91673
1.12	0.74	2.94556
1.12	0.76	2.97206
1.12	0.78	2.99614
1.12	0.8	3.01766
1.12	0.82	3.03652
1.12	0.84	3.05258
1.12	0.86	3.06572
1.12	0.88	3.0758
1.12	0.9	3.08271
1.12	0.92	3.0863
1.12	0.94	3.08645
1.12	0.96	3.08301
1.12	0.98	3.07586
1.12	1	3.06485
1.16	0	1
1.16	0.02	1.06961
1.16	0.04	1.13869
1.16	0.06	1.20721
1.16	0.08	1.27519
1.16	0.1	1.34261
1.16	0.12	1.40947
1.16	0.14	1.47575
1.16	0.16	1.54146
1.16	0.18	1.60657
1.16	0.2	1.67107
1.16	0.22	1.73496
1.16	0.24	1.79821
1.16	0.26	1.86079
1.16	0.28	1.9227
1.16	0.3	1.98389
1.16	0.32	2.04435
1.16	0.34	2.10404
1.16	0.36	2.16292
1.16	0.38	2.22096
1.16	0.4	2.27811
1.16	0.42	2.33432
1.16	0.44	2.38954
1.16	0.46	2.44373
1.16	0.48	2.49681
1.16	0.5	2.54873
1.16	0.52	2.59941
1.16	0.54	2.64879
1.16	0.56	2.69679
1.16	0.58	2.74332
1.16	0.6	2.7883
1.16	0.62	2.83164
1.16	0.64	2.87323
1.16	0.66	2.91299
1.16	0.68	2.95081
1.16	0.7	2.98657
1.16	0.72	3.02016
1.16	0.74	3.05147
1.16	0.76	3.08036
1.16	0.78	3.10673
1.16	0.8	3.13042
1.16	0.82	3.15132
1.16	0.84	3.16928
1.16	0.86	3.18416
1.16	0.88	3.19583
1.16	0.9	3.20413
1.16	0.92	3.20891
1.16	0.94	3.21004
1.16	0.96	3.20735
1.16	0.98	3.2007
1.16	1	3.18993
1.2	0	1
1.2	0.02	1.0726
1.2	0.04	1.14463
1.2	0.06	1.21609
1.2	0.08	1.28697
1.2	0.1	1.35728
1.2	0.12	1.427
1.2	0.14	1.49615
1.2	0.16	1.5647
1.2	0.18	1.63267
1.2	0.2	1.70002
1.2	0.22	1.76676
1.2	0.24	1.83286
1.2	0.26	1.89831
1.2	0.28	1.96309
1.2	0.3	2.02718
1.2	0.32	2.09054
1.2	0.34	2.15315
1.2	0.36	2.21497
1.2	0.38	2.27596
1.2	0.4	2.33608
1.2	0.42	2.39528
1.2	0.44	2.45351
1.2	0.46	2.51071
1.2	0.48	2.56683
1.2	0.5	2.62179
1.2	0.52	2.67552
1.2	0.54	2.72795
1.2	0.56	2.77899
1.2	0.58	2.82856
1.2	0.6	2.87657
1.2	0.62	2.92291
1.2	0.64	2.96748
1.2	0.66	3.01018
1.2	0.68	3.05089
1.2	0.7	3.0895
1.2	0.72	3.12586
1.2	0.74	3.15987
1.2	0.76	3.19138
1.2	0.78	3.22025
1.2	0.8	3.24634
1.2	0.82	3.26951
1.2	0.84	3.28959
1.2	0.86	3.30644
1.2	0.88	3.3199
1.2	0.9	3.3298
1.2	0.92	3.33598
1.2	0.94	3.33827
1.2	0.96	3.3365
1.2	0.98	3.33051
1.2	1	3.32012
1.24	0	1
1.24	0.02	1.07553
1.24	0.04	1.15046
1.24	0.06	1.22479
1.24	0.08	1.29851
1.24	0.1	1.37165
1.24	0.12	1.44419
1.24	0.14	1.51614
1.24	0.16	1.5875
1.24	0.18	1.65826
1.24	0.2	1.72843
1.24	0.22	1.79799
1.24	0.24	1.86692
1.24	0.26	1.93522
1.24	0.28	2.00287
1.24	0.3	2.06985
1.24	0.32	2.13613
1.24	0.34	2.20168
1.24	0.36	2.26646
1.24	0.38	2.33045
1.24	0.4	2.3936
1.24	0.42	2.45585
1.24	0.44	2.51716
1.24	0.46	2.57747
1.24	0.48	2.63672
1.24	0.5	2.69483
1.24	0.52	2.75174
1.24	0.54	2.80735
1.24	0.56	2.86159
1.24	0.58	2.91437
1.24	0.6	2.96557
1.24	0.62	3.01511
1.24	0.64	3.06286
1.24	0.66	3.10871
1.24	0.68	3.15253
1.24	0.7	3.1942
1.24	0.72	3.23359
1.24	0.74	3.27054
1.24	0.76	3.30491
1.24	0.78	3.33654
1.24	0.8	3.36529
1.24	0.82	3.39098
1.24	0.84	3.41344
1.24	0.86	3.43251
1.24	0.88	3.44801
1.24	0.9	3.45975
1.24	0.92	3.46755
1.24	0.94	3.47123
1.24	0.96	3.47059
1.24	0.98	3.46545
1.24	1	3.45561
1.28	0	1
1.28	0.02	1.07838
1.28	0.04	1.15611
1.28	0.06	1.23322
1.28	0.08	1.3097
1.28	0.1	1.38558
1.28	0.12	1.46085
1.28	0.14	1.53553
1.28	0.16	1.60962
1.28	0.18	1.68313
1.28	0.2	1.75604
1.28	0.22	1.82837
1.28	0.24	1.90009
1.28	0.26	1.9712
1.28	0.28	2.04169
1.28	0.3	2.11154
1.28	0.32	2.18073
1.28	0.34	2.24922
1.28	0.36	2.31699
1.28	0.38	2.38401
1.28	0.4	2.45022
1.28	0.42	2.51558
1.28	0.44	2.58004
1.28	0.46	2.64354
1.28	0.48	2.70602
1.28	0.5	2.7674
1.28	0.52	2.8276
1.28	0.54	2.88655
1.28	0.56	2.94414
1.28	0.58	3.00029
1.28	0.6	3.05488
1.28	0.62	3.10781
1.28	0.64	3.15895
1.28	0.66	3.20818
1.28	0.68	3.25536
1.28	0.7	3.30035
1.28	0.72	3.34301
1.28	0.74	3.38317
1.28	0.76	3.42068
1.28	0.78	3.45537
1.28	0.8	3.48706
1.28	0.82	3.51557
1.28	0.84	3.54071
1.28	0.86	3.5623
1.28	0.88	3.58013
1.28	0.9	3.594
1.28	0.92	3.6037
1.28	0.94	3.60903
1.28	0.96	3.60977
1.28	0.98	3.60571
1.28	1	3.59664
1.32	0	1
1.32	0.02	1.0811
1.32	0.04	1.16152
1.32	0.06	1.24129
1.32	0.08	1.32041
1.32	0.1	1.39891
1.32	0.12	1.47681
1.32	0.14	1.55412
1.32	0.16	1.63084
1.32	0.18	1.70698
1.32	0.2	1.78256
1.32	0.22	1.85757
1.32	0.24	1.93201
1.32	0.26	2.00587
1.32	0.28	2.07915
1.32	0.3	2.15184
1.32	0.32	2.2239
1.32	0.34	2.29532
1.32	0.36	2.36608
1.32	0.38	2.43613
1.32	0.4	2.50543
1.32	0.42	2.57395
1.32	0.44	2.64162
1.32	0.46	2.70838
1.32	0.48	2.77418
1.32	0.5	2.83893
1.32	0.52	2.90257
1.32	0.54	2.96498
1.32	0.56	3.02609
1.32	0.58	3.08579
1.32	0.6	3.14397
1.32	0.62	3.2005
1.32	0.64	3.25526
1.32	0.66	3.30811
1.32	0.68	3.35891
1.32	0.7	3.4075
1.32	0.72	3.45373
1.32	0.74	3.49741
1.32	0.76	3.53838
1.32	0.78	3.57644
1.32	0.8	3.6114
1.32	0.82	3.64307
1.32	0.84	3.67123
1.32	0.86	3.69567
1.32	0.88	3.71617
1.32	0.9	3.7325
1.32	0.92	3.74443
1.32	0.94	3.75173
1.32	0.96	3.75416
1.32	0.98	3.75147
1.32	1	3.74342
1.36	0	1
1.36	0.02	1.08366
1.36	0.04	1.16662
1.36	0.06	1.24889
1.36	0.08	1.3305
1.36	0.1	1.41148
1.36	0.12	1.49186
1.36	0.14	1.57164
1.36	0.16	1.65086
1.36	0.18	1.72952
1.36	0.2	1.80763
1.36	0.22	1.88522
1.36	0.24	1.96227
1.36	0.26	2.0388
1.36	0.28	2.11479
1.36	0.3	2.19024
1.36	0.32	2.26514
1.36	0.34	2.33945
1.36	0.36	2.41317
1.36	0.38	2.48625
1.36	0.4	2.55866
1.36	0.42	2.63035
1.36	0.44	2.70128
1.36	0.46	2.77137
1.36	0.48	2.84057
1.36	0.5	2.9088
1.36	0.52	2.97598
1.36	0.54	3.04202
1.36	0.56	3.10681
1.36	0.58	3.17024
1.36	0.6	3.23221
1.36	0.62	3.29257
1.36	0.64	3.3512
1.36	0.66	3.40794
1.36	0.68	3.46264
1.36	0.7	3.51514
1.36	0.72	3.56525
1.36	0.74	3.61279
1.36	0.76	3.65756
1.36	0.78	3.69936
1.36	0.8	3.73798
1.36	0.82	3.77319
1.36	0.84	3.80476
1.36	0.86	3.83246
1.36	0.88	3.85602
1.36	0.9	3.87521
1.36	0.92	3.88976
1.36	0.94	3.8994
1.36	0.96	3.90387
1.36	0.98	3.90289
1.36	1	3.89619
1.4	0	1
1.4	0.02	1.08603
1.4	0.04	1.17132
1.4	0.06	1.2559
1.4	0.08	1.33981
1.4	0.1	1.42308
1.4	0.12	1.50574
1.4	0.14	1.58783
1.4	0.16	1.66936
1.4	0.18	1.75038
1.4	0.2	1.83088
1.4	0.22	1.9109
1.4	0.24	1.99043
1.4	0.26	2.0695
1.4	0.28	2.14809
1.4	0.3	2.22622
1.4	0.32	2.30386
1.4	0.34	2.381
1.4	0.36	2.45763
1.4	0.38	2.53371
1.4	0.4	2.60922
1.4	0.42	2.6841
1.4	0.44	2.7583
1.4	0.46	2.83178
1.4	0.48	2.90445
1.4	0.5	2.97626
1.4	0.52	3.0471
1.4	0.54	3.11689
1.4	0.56	3.18552
1.4	0.58	3.25289
1.4	0.6	3.31885
1.4	0.62	3.38329
1.4	0.64	3.44604
1.4	0.66	3.50696
1.4	0.68	3.56588
1.4	0.7	3.62261
1.4	0.72	3.67696
1.4	0.74	3.72874
1.4	0.76	3.77771
1.4	0.78	3.82367
1.4	0.8	3.86637
1.4	0.82	3.90557
1.4	0.84	3.941
1.4	0.86	3.9724
1.4	0.88	3.9995
1.4	0.9	4.022
1.4	0.92	4.03962
1.4	0.94	4.05206
1.4	0.96	4.059
1.4	0.98	4.06016
1.4	1	4.0552
1.44	0	1
1.44	0.02	1.08816
1.44	0.04	1.17554
1.44	0.06	1.26219
1.44	0.08	1.34815
1.44	0.1	1.43347
1.44	0.12	1.5182
1.44	0.14	1.60236
1.44	0.16	1.68601
1.44	0.18	1.76916
1.44	0.2	1.85186
1.44	0.22	1.93411
1.44	0.24	2.01596
1.44	0.26	2.0974
1.44	0.28	2.17846
1.44	0.3	2.25912
1.44	0.32	2.3394
1.44	0.34	2.41928
1.44	0.36	2.49874
1.44	0.38	2.57777
1.44	0.4	2.65633
1.44	0.42	2.73438
1.44	0.44	2.81188
1.44	0.46	2.88876
1.44	0.48	2.96497
1.44	0.5	3.04043
1.44	0.52	3.11504
1.44	0.54	3.18873
1.44	0.56	3.26137
1.44	0.58	3.33284
1.44	0.6	3.40303
1.44	0.62	3.47178
1.44	0.64	3.53895
1.44	0.66	3.60435
1.44	0.68	3.66781
1.44	0.7	3.72915
1.44	0.72	3.78814
1.44	0.74	3.84456
1.44	0.76	3.89819
1.44	0.78	3.94877
1.44	0.8	3.99604
1.44	0.82	4.03972
1.44	0.84	4.07954
1.44	0.86	4.11518
1.44	0.88	4.14634
1.44	0.9	4.1727
1.44	0.92	4.19394
1.44	0.94	4.2097
1.44	0.96	4.21965
1.44	0.98	4.22343
1.44	1	4.2207
1.48	0	1
1.48	0.02	1.08999
1.48	0.04	1.17917
1.48	0.06	1.26759
1.48	0.08	1.35532
1.48	0.1	1.44241
1.48	0.12	1.52892
1.48	0.14	1.61489
1.48	0.16	1.70038
1.48	0.18	1.78542
1.48	0.2	1.87006
1.48	0.22	1.95434
1.48	0.24	2.03827
1.48	0.26	2.12189
1.48	0.28	2.20522
1.48	0.3	2.28826
1.48	0.32	2.37102
1.48	0.34	2.4535
1.48	0.36	2.53569
1.48	0.38	2.61757
1.48	0.4	2.69912
1.48	0.42	2.7803
1.48	0.44	2.86107
1.48	0.46	2.94137
1.48	0.48	3.02115
1.48	0.5	3.10032
1.48	0.52	3.1788
1.48	0.54	3.2565
1.48	0.56	3.3333
1.48	0.58	3.40908
1.48	0.6	3.48371
1.48	0.62	3.55704
1.48	0.64	3.6289
1.48	0.66	3.69911
1.48	0.68	3.76749
1.48	0.7	3.83382
1.48	0.72	3.89787
1.48	0.74	3.95941
1.48	0.76	4.01818
1.48	0.78	4.07391
1.48	0.8	4.1263
1.48	0.82	4.17505
1.48	0.84	4.21985
1.48	0.86	4.26035
1.48	0.88	4.29621
1.48	0.9	4.32707
1.48	0.92	4.35255
1.48	0.94	4.37228
1.48	0.96	4.38585
1.48	0.98	4.39288
1.48	1	4.39295
1.52	0	1
1.52	0.02	1.09147
1.52	0.04	1.18209
1.52	0.06	1.27194
1.52	0.08	1.36109
1.52	0.1	1.44961
1.52	0.12	1.53756
1.52	0.14	1.62501
1.52	0.16	1.71202
1.52	0.18	1.79865
1.52	0.2	1.88495
1.52	0.22	1.97095
1.52	0.24	2.05672
1.52	0.26	2.14226
1.52	0.28	2.22763
1.52	0.3	2.31283
1.52	0.32	2.39788
1.52	0.34	2.48279
1.52	0.36	2.56755
1.52	0.38	2.65216
1.52	0.4	2.73659
1.52	0.42	2.82082
1.52	0.44	2.90481
1.52	0.46	2.98851
1.52	0.48	3.07186
1.52	0.5	3.15478
1.52	0.52	3.23721
1.52	0.54	3.31902
1.52	0.56	3.40013
1.52	0.58	3.4804
1.52	0.6	3.55969
1.52	0.62	3.63785
1.52	0.64	3.71471
1.52	0.66	3.79007
1.52	0.68	3.86374
1.52	0.7	3.9355
1.52	0.72	4.00508
1.52	0.74	4.07225
1.52	0.76	4.13672
1.52	0.78	4.19818
1.52	0.8	4.25632
1.52	0.82	4.3108
1.52	0.84	4.36127
1.52	0.86	4.40735
1.52	0.88	4.44865
1.52	0.9	4.48475
1.52	0.92	4.51525
1.52	0.94	4.53969
1.52	0.96	4.55764
1.52	0.98	4.56864
1.52	1	4.57223
1.56	0	1
1.56	0.02	1.09253
1.56	0.04	1.18418
1.56	0.06	1.27504
1.56	0.08	1.3652
1.56	0.1	1.45473
1.56	0.12	1.54374
1.56	0.14	1.63228
1.56	0.16	1.72044
1.56	0.18	1.80829
1.56	0.2	1.89588
1.56	0.22	1.98329
1.56	0.24	2.07056
1.56	0.26	2.15773
1.56	0.28	2.24484
1.56	0.3	2.33194
1.56	0.32	2.41903
1.56	0.34	2.50615
1.56	0.36	2.59328
1.56	0.38	2.68044
1.56	0.4	2.76761
1.56	0.42	2.85477
1.56	0.44	2.94189
1.56	0.46	3.02893
1.56	0.48	3.11583
1.56	0.5	3.20252
1.56	0.52	3.28892
1.56	0.54	3.37495
1.56	0.56	3.46048
1.56	0.58	3.5454
1.56	0.6	3.62956
1.56	0.62	3.71281
1.56	0.64	3.79497
1.56	0.66	3.87584
1.56	0.68	3.95521
1.56	0.7	4.03284
1.56	0.72	4.10847
1.56	0.74	4.18182
1.56	0.76	4.25259
1.56	0.78	4.32045
1.56	0.8	4.38505
1.56	0.82	4.44602
1.56	0.84	4.50295
1.56	0.86	4.55544
1.56	0.88	4.60304
1.56	0.9	4.64528
1.56	0.92	4.68168
1.56	0.94	4.71176
1.56	0.96	4.73499
1.56	0.98	4.75086
1.56	1	4.75882
1.6	0	1
1.6	0.02	1.0931
1.6	0.04	1.18529
1.6	0.06	1.27667
1.6	0.08	1.36735
1.6	0.1	1.45744
1.6	0.12	1.54702
1.6	0.14	1.6362
1.6	0.16	1.72507
1.6	0.18	1.8137
1.6	0.2	1.90219
1.6	0.22	1.99059
1.6	0.24	2.07898
1.6	0.26	2.16741
1.6	0.28	2.25593
1.6	0.3	2.3446
1.6	0.32	2.43344
1.6	0.34	2.52248
1.6	0.36	2.61174
1.6	0.38	2.70122
1.6	0.4	2.79093
1.6	0.42	2.88085
1.6	0.44	2.97097
1.6	0.46	3.06123
1.6	0.48	3.15161
1.6	0.5	3.24203
1.6	0.52	3.33243
1.6	0.54	3.4227
1.6	0.56	3.51276
1.6	0.58	3.60247
1.6	0.6	3.6917
1.6	0.62	3.78028
1.6	0.64	3.86804
1.6	0.66	3.95477
1.6	0.68	4.04025
1.6	0.7	4.12424
1.6	0.72	4.20645
1.6	0.74	4.28659
1.6	0.76	4.36434
1.6	0.78	4.43933
1.6	0.8	4.51119
1.6	0.82	4.5795
1.6	0.84	4.64382
1.6	0.86	4.70368
1.6	0.88	4.75858
1.6	0.9	4.80801
1.6	0.92	4.8514
1.6	0.94	4.8882
1.6	0.96	4.91781
1.6	0.98	4.93963
1.6	1	4.95303
1.64	0	1
1.64	0.02	1.0931
1.64	0.04	1.18525
1.64	0.06	1.27659
1.64	0.08	1.36724
1.64	0.1	1.45731
1.64	0.12	1.54694
1.64	0.14	1.63622
1.64	0.16	1.72528
1.64	0.18	1.8142
1.64	0.2	1.90308
1.64	0.22	1.99201
1.64	0.24	2.08107
1.64	0.26	2.17034
1.64	0.28	2.25986
1.64	0.3	2.34972
1.64	0.32	2.43994
1.64	0.34	2.53057
1.64	0.36	2.62163
1.64	0.38	2.71316
1.64	0.4	2.80515
1.64	0.42	2.89761
1.64	0.44	2.99052
1.64	0.46	3.08385
1.64	0.48	3.17758
1.64	0.5	3.27165
1.64	0.52	3.36599
1.64	0.54	3.46053
1.64	0.56	3.55516
1.64	0.58	3.64976
1.64	0.6	3.74421
1.64	0.62	3.83834
1.64	0.64	3.93198
1.64	0.66	4.02492
1.64	0.68	4.11693
1.64	0.7	4.20776
1.64	0.72	4.29713
1.64	0.74	4.38471
1.64	0.76	4.47016
1.64	0.78	4.5531
1.64	0.8	4.6331
1.64	0.82	4.70973
1.64	0.84	4.78248
1.64	0.86	4.85084
1.64	0.88	4.91424
1.64	0.9	4.97209
1.64	0.92	5.02377
1.64	0.94	5.0686
1.64	0.96	5.10592
1.64	0.98	5.13501
1.64	1	5.15517
1.68	0	1
1.68	0.02	1.09243
1.68	0.04	1.18389
1.68	0.06	1.27452
1.68	0.08	1.36448
1.68	0.1	1.45391
1.68	0.12	1.54295
1.68	0.14	1.63172
1.68	0.16	1.72036
1.68	0.18	1.80899
1.68	0.2	1.89771
1.68	0.22	1.98663
1.68	0.24	2.07585
1.68	0.26	2.16544
1.68	0.28	2.2555
1.68	0.3	2.34608
1.68	0.32	2.43725
1.68	0.34	2.52907
1.68	0.36	2.62156
1.68	0.38	2.71477
1.68	0.4	2.80872
1.68	0.42	2.90342
1.68	0.44	2.99886
1.68	0.46	3.09504
1.68	0.48	3.19194
1.68	0.5	3.2895
1.68	0.52	3.38768
1.68	0.54	3.48642
1.68	0.56	3.58561
1.68	0.58	3.68516
1.68	0.6	3.78493
1.68	0.62	3.88479
1.68	0.64	3.98455
1.68	0.66	4.08402
1.68	0.68	4.18296
1.68	0.7	4.28113
1.68	0.72	4.37822
1.68	0.74	4.47392
1.68	0.76	4.56785
1.68	0.78	4.65962
1.68	0.8	4.74876
1.68	0.82	4.8348
1.68	0.84	4.91719
1.68	0.86	4.99535
1.68	0.88	5.06864
1.68	0.9	5.1364
1.68	0.92	5.19789
1.68	0.94	5.25236
1.68	0.96	5.29902
1.68	0.98	5.33703
1.68	1	5.36556
1.72	0	1
1.72	0.02	1.09099
1.72	0.04	1.18098
1.72	0.06	1.27015
1.72	0.08	1.35867
1.72	0.1	1.44671
1.72	0.12	1.53444
1.72	0.14	1.622
1.72	0.16	1.70955
1.72	0.18	1.79722
1.72	0.2	1.88515
1.72	0.22	1.97344
1.72	0.24	2.06221
1.72	0.26	2.15156
1.72	0.28	2.24159
1.72	0.3	2.33238
1.72	0.32	2.424
1.72	0.34	2.51651
1.72	0.36	2.60998
1.72	0.38	2.70445
1.72	0.4	2.79995
1.72	0.42	2.89652
1.72	0.44	2.99416
1.72	0.46	3.09287
1.72	0.48	3.19266
1.72	0.5	3.29349
1.72	0.52	3.39533
1.72	0.54	3.49812
1.72	0.56	3.60179
1.72	0.58	3.70625
1.72	0.6	3.81139
1.72	0.62	3.91708
1.72	0.64	4.02314
1.72	0.66	4.1294
1.72	0.68	4.23564
1.72	0.7	4.3416
1.72	0.72	4.447
1.72	0.74	4.5515
1.72	0.76	4.65472
1.72	0.78	4.75625
1.72	0.8	4.85562
1.72	0.82	4.95229
1.72	0.84	5.04568
1.72	0.86	5.13514
1.72	0.88	5.21997
1.72	0.9	5.29938
1.72	0.92	5.37257
1.72	0.94	5.43863
1.72	0.96	5.49664
1.72	0.98	5.54561
1.72	1	5.58453
1.76	0	1
1.76	0.02	1.08866
1.76	0.04	1.17629
1.76	0.06	1.26311
1.76	0.08	1.34933
1.76	0.1	1.43514
1.76	0.12	1.52074
1.76	0.14	1.60629
1.76	0.16	1.69197
1.76	0.18	1.77794
1.76	0.2	1.86433
1.76	0.22	1.9513
1.76	0.24	2.03895
1.76	0.26	2.12741
1.76	0.28	2.21679
1.76	0.3	2.30718
1.76	0.32	2.39866
1.76	0.34	2.49132
1.76	0.36	2.58523
1.76	0.38	2.68045
1.76	0.4	2.77702
1.76	0.42	2.87499
1.76	0.44	2.97439
1.76	0.46	3.07525
1.76	0.48	3.17756
1.76	0.5	3.28133
1.76	0.52	3.38653
1.76	0.54	3.49314
1.76	0.56	3.6011
1.76	0.58	3.71034
1.76	0.6	3.82077
1.76	0.62	3.93229
1.76	0.64	4.04475
1.76	0.66	4.15799
1.76	0.68	4.2718
1.76	0.7	4.38595
1.76	0.72	4.50017
1.76	0.74	4.61413
1.76	0.76	4.72746
1.76	0.78	4.83973
1.76	0.8	4.95047
1.76	0.82	5.0591
1.76	0.84	5.16502
1.76	0.86	5.2675
1.76	0.88	5.36578
1.76	0.9	5.45896
1.76	0.92	5.54611
1.76	0.94	5.62617
1.76	0.96	5.69804
1.76	0.98	5.76054
1.76	1	5.81244
1.8	0	1
1.8	0.02	1.08528
1.8	0.04	1.16952
1.8	0.06	1.25298
1.8	0.08	1.3359
1.8	0.1	1.41852
1.8	0.12	1.50104
1.8	0.14	1.58368
1.8	0.16	1.66663
1.8	0.18	1.75005
1.8	0.2	1.83412
1.8	0.22	1.91897
1.8	0.24	2.00476
1.8	0.26	2.09161
1.8	0.28	2.17963
1.8	0.3	2.26894
1.8	0.32	2.35963
1.8	0.34	2.4518
1.8	0.36	2.54552
1.8	0.38	2.64089
1.8	0.4	2.73795
1.8	0.42	2.83677
1.8	0.44	2.93741
1.8	0.46	3.03989
1.8	0.48	3.14425
1.8	0.5	3.2505
1.8	0.52	3.35866
1.8	0.54	3.46872
1.8	0.56	3.58064
1.8	0.58	3.6944
1.8	0.6	3.80993
1.8	0.62	3.92715
1.8	0.64	4.04596
1.8	0.66	4.16621
1.8	0.68	4.28775
1.8	0.7	4.41037
1.8	0.72	4.53382
1.8	0.74	4.65782
1.8	0.76	4.78201
1.8	0.78	4.90598
1.8	0.8	5.02925
1.8	0.82	5.15127
1.8	0.84	5.27138
1.8	0.86	5.38884
1.8	0.88	5.50278
1.8	0.9	5.61223
1.8	0.92	5.7161
1.8	0.94	5.81317
1.8	0.96	5.90209
1.8	0.98	5.98142
1.8	1	6.04965
1.84	0	1
1.84	0.02	1.08067
1.84	0.04	1.16031
1.84	0.06	1.23922
1.84	0.08	1.3177
1.84	0.1	1.39602
1.84	0.12	1.47442
1.84	0.14	1.55315
1.84	0.16	1.6324
1.84	0.18	1.71236
1.84	0.2	1.79321
1.84	0.22	1.87511
1.84	0.24	1.95821
1.84	0.26	2.04265
1.84	0.28	2.12854
1.84	0.3	2.21601
1.84	0.32	2.30518
1.84	0.34	2.39613
1.84	0.36	2.48897
1.84	0.38	2.58379
1.84	0.4	2.68067
1.84	0.42	2.77968
1.84	0.44	2.8809
1.84	0.46	2.98438
1.84	0.48	3.09018
1.84	0.5	3.19834
1.84	0.52	3.3089
1.84	0.54	3.42188
1.84	0.56	3.53729
1.84	0.58	3.65512
1.84	0.6	3.77536
1.84	0.62	3.89797
1.84	0.64	4.02288
1.84	0.66	4.15001
1.84	0.68	4.27924
1.84	0.7	4.41041
1.84	0.72	4.54334
1.84	0.74	4.67778
1.84	0.76	4.81343
1.84	0.78	4.94994
1.84	0.8	5.08687
1.84	0.82	5.22368
1.84	0.84	5.35973
1.84	0.86	5.49428
1.84	0.88	5.62642
1.84	0.9	5.7551
1.84	0.92	5.87907
1.84	0.94	5.99691
1.84	0.96	6.107
1.84	0.98	6.20753
1.84	1	6.29654
1.88	0	1
1.88	0.02	1.07458
1.88	0.04	1.14817
1.88	0.06	1.22114
1.88	0.08	1.29386
1.88	0.1	1.36664
1.88	0.12	1.43976
1.88	0.14	1.51347
1.88	0.16	1.58798
1.88	0.18	1.66349
1.88	0.2	1.74019
1.88	0.22	1.81823
1.88	0.24	1.89777
1.88	0.26	1.97893
1.88	0.28	2.06186
1.88	0.3	2.14668
1.88	0.32	2.2335
1.88	0.34	2.32244
1.88	0.36	2.4136
1.88	0.38	2.50709
1.88	0.4	2.603
1.88	0.42	2.70143
1.88	0.44	2.80246
1.88	0.46	2.90618
1.88	0.48	3.01266
1.88	0.5	3.12199
1.88	0.52	3.23423
1.88	0.54	3.34943
1.88	0.56	3.46764
1.88	0.58	3.58891
1.88	0.6	3.71326
1.88	0.62	3.8407
1.88	0.64	3.97123
1.88	0.66	4.10482
1.88	0.68	4.24142
1.88	0.7	4.38095
1.88	0.72	4.5233
1.88	0.74	4.66831
1.88	0.76	4.81577
1.88	0.78	4.96541
1.88	0.8	5.11688
1.88	0.82	5.26973
1.88	0.84	5.42341
1.88	0.86	5.57724
1.88	0.88	5.73033
1.88	0.9	5.88161
1.88	0.92	6.02976
1.88	0.94	6.17315
1.88	0.96	6.30983
1.88	0.98	6.4375
1.88	1	6.5535
1.92	0	1
1.92	0.02	1.06662
1.92	0.04	1.13236
1.92	0.06	1.19774
1.92	0.08	1.26319
1.92	0.1	1.32905
1.92	0.12	1.39563
1.92	0.14	1.46316
1.92	0.16	1.53185
1.92	0.18	1.6019
1.92	0.2	1.67347
1.92	0.22	1.74671
1.92	0.24	1.82176
1.92	0.26	1.89877
1.92	0.28	1.97785
1.92	0.3	2.05914
1.92	0.32	2.14275
1.92	0.34	2.2288
1.92	0.36	2.3174
1.92	0.38	2.40868
1.92	0.4	2.50273
1.92	0.42	2.59968
1.92	0.44	2.69962
1.92	0.46	2.80267
1.92	0.48	2.90894
1.92	0.5	3.01852
1.92	0.52	3.13151
1.92	0.54	3.24802
1.92	0.56	3.36814
1.92	0.58	3.49195
1.92	0.6	3.61953
1.92	0.62	3.75096
1.92	0.64	3.88631
1.92	0.66	4.02561
1.92	0.68	4.16891
1.92	0.7	4.31622
1.92	0.72	4.46753
1.92	0.74	4.6228
1.92	0.76	4.78194
1.92	0.78	4.94483
1.92	0.8	5.11128
1.92	0.82	5.28101
1.92	0.84	5.45364
1.92	0.86	5.62867
1.92	0.88	5.8054
1.92	0.9	5.98291
1.92	0.92	6.15995
1.92	0.94	6.33485
1.92	0.96	6.50541
1.92	0.98	6.6687
1.92	1	6.82096
1.96	0	1
1.96	0.02	1.05603
1.96	0.04	1.11162
1.96	0.06	1.16745
1.96	0.08	1.22396
1.96	0.1	1.28147
1.96	0.12	1.34023
1.96	0.14	1.40043
1.96	0.16	1.46225
1.96	0.18	1.52582
1.96	0.2	1.5913
1.96	0.22	1.6588
1.96	0.24	1.72846
1.96	0.26	1.80039
1.96	0.28	1.87472
1.96	0.3	1.95155
1.96	0.32	2.03103
1.96	0.34	2.11325
1.96	0.36	2.19834
1.96	0.38	2.28643
1.96	0.4	2.37764
1.96	0.42	2.47209
1.96	0.44	2.56991
1.96	0.46	2.67124
1.96	0.48	2.7762
1.96	0.5	2.88493
1.96	0.52	2.99756
1.96	0.54	3.11424
1.96	0.56	3.2351
1.96	0.58	3.36028
1.96	0.6	3.48992
1.96	0.62	3.62416
1.96	0.64	3.76315
1.96	0.66	3.90701
1.96	0.68	4.05587
1.96	0.7	4.20987
1.96	0.72	4.36912
1.96	0.74	4.53373
1.96	0.76	4.70377
1.96	0.78	4.87932
1.96	0.8	5.0604
1.96	0.82	5.247
1.96	0.84	5.43904
1.96	0.86	5.63638
1.96	0.88	5.83871
1.96	0.9	6.04558
1.96	0.92	6.25623
1.96	0.94	6.46951
1.96	0.96	6.68352
1.96	0.98	6.89518
1.96	1	7.09933
2	0	1
2	0.02	1.04081
2	0.04	1.08329
2	0.06	1.1275
2	0.08	1.17351
2	0.1	1.2214
2	0.12	1.27125
2	0.14	1.32313
2	0.16	1.37713
2	0.18	1.43333
2	0.2	1.49182
2	0.22	1.55271
2	0.24	1.61607
2	0.26	1.68203
2	0.28	1.75067
2	0.3	1.82212
2	0.32	1.89648
2	0.34	1.97388
2	0.36	2.05443
2	0.38	2.13828
2	0.4	2.22554
2	0.42	2.31637
2	0.44	2.4109
2	0.46	2.50929
2	0.48	2.6117
2	0.5	2.71828
2	0.52	2.82922
2	0.54	2.94468
2	0.56	3.06485
2	0.58	3.18993
2	0.6	3.32012
2	0.62	3.45561
2	0.64	3.59664
2	0.66	3.74342
2	0.68	3.89619
2	0.7	4.0552
2	0.72	4.2207
2	0.74	4.39295
2	0.76	4.57223
2	0.78	4.75882
2	0.8	4.95303
2	0.82	5.15517
2	0.84	5.36556
2	0.86	5.58453
2	0.88	5.81244
2	0.9	6.04965
2	0.92	6.29654
2	0.94	6.5535
2	0.96	6.82096
2	0.98	7.09933
2	1	7.38906
