1	0	0
1	0.02	0.00039992
1	0.04	0.00159872
1	0.06	0.00359354
1	0.08	0.00637961
1	0.1	0.00995033
1	0.12	0.0142973
1	0.14	0.0194104
1	0.16	0.0252778
1	0.18	0.0318862
1	0.2	0.0392207
1	0.22	0.0472652
1	0.24	0.0560022
1	0.26	0.0654131
1	0.28	0.0754785
1	0.3	0.0861777
1	0.32	0.0974896
1	0.34	0.109392
1	0.36	0.121864
1	0.38	0.13488
1	0.4	0.14842
1	0.42	0.162459
1	0.44	0.176974
1	0.46	0.191942
1	0.48	0.207339
1	0.5	0.223144
1	0.52	0.239332
1	0.54	0.255882
1	0.56	0.272771
1	0.58	0.289979
1	0.6	0.307485
1	0.62	0.325267
1	0.64	0.343306
1	0.66	0.361583
1	0.68	0.380079
1	0.7	0.398776
1	0.72	0.417657
1	0.74	0.436705
1	0.76	0.455905
1	0.78	0.47524
1	0.8	0.494696
1	0.82	0.51426
1	0.84	0.533917
1	0.86	0.553655
1	0.88	0.573462
1	0.9	0.593327
1	0.92	0.613238
1	0.94	0.633185
1	0.96	0.653158
1	0.98	0.673149
1	1	0.693147
1.02	0	0.0396053
1.02	0.02	0.0399896
1.02	0.04	0.0411419
1.02	0.06	0.0430595
1.02	0.08	0.0457379
1.02	0.1	0.049171
1.02	0.12	0.0533512
1.02	0.14	0.0582689
1.02	0.16	0.0639133
1.02	0.18	0.0702721
1.02	0.2	0.0773313
1.02	0.22	0.0850762
1.02	0.24	0.0934903
1.02	0.26	0.102557
1.02	0.28	0.112257
1.02	0.3	0.122572
1.02	0.32	0.133481
1.02	0.34	0.144966
1.02	0.36	0.157004
1.02	0.38	0.169574
1.02	0.4	0.182655
1.02	0.42	0.196224
1.02	0.44	0.210261
1.02	0.46	0.224742
1.02	0.48	0.239647
1.02	0.5	0.254952
1.02	0.52	0.270638
1.02	0.54	0.286682
1.02	0.56	0.303063
1.02	0.58	0.319762
1.02	0.6	0.336758
1.02	0.62	0.354031
1.02	0.64	0.371564
1.02	0.66	0.389336
1.02	0.68	0.40733
1.02	0.7	0.425529
1.02	0.72	0.443916
1.02	0.74	0.462475
1.02	0.76	0.481191
1.02	0.78	0.500048
1.02	0.8	0.519032
1.02	0.82	0.538129
1.02	0.84	0.557327
1.02	0.86	0.576613
1.02	0.88	0.595975
1.02	0.9	0.615402
1.02	0.92	0.634882
1.02	0.94	0.654406
1.02	0.96	0.673964
1.02	0.98	0.693547
1.02	1	0.713146
1.04	0	0.0784414
1.04	0.02	0.0788112
1.04	0.04	0.0799196
1.04	0.06	0.0817643
1.04	0.08	0.0843411
1.04	0.1	0.0876445
1.04	0.12	0.0916672
1.04	0.14	0.0964005
1.04	0.16	0.101834
1.04	0.18	0.107957
1.04	0.2	0.114756
1.04	0.22	0.122218
1.04	0.24	0.130326
1.04	0.26	0.139066
1.04	0.28	0.14842
1.04	0.3	0.15837
1.04	0.32	0.168899
1.04	0.34	0.179985
1.04	0.36	0.191612
1.04	0.38	0.203757
1.04	0.4	0.216401
1.04	0.42	0.229523
1.04	0.44	0.243103
1.04	0.46	0.25712
1.04	0.48	0.271553
1.04	0.5	0.286381
1.04	0.52	0.301585
1.04	0.54	0.317144
1.04	0.56	0.333038
1.04	0.58	0.349247
1.04	0.6	0.365754
1.04	0.62	0.382538
1.04	0.64	0.399581
1.04	0.66	0.416867
1.04	0.68	0.434376
1.04	0.7	0.452094
1.04	0.72	0.470004
1.04	0.74	0.488089
1.04	0.76	0.506336
1.04	0.78	0.524729
1.04	0.8	0.543254
1.04	0.82	0.561899
1.04	0.84	0.58065
1.04	0.86	0.599496
1.04	0.88	0.618424
1.04	0.9	0.637423
1.04	0.92	0.656483
1.04	0.94	0.675594
1.04	0.96	0.694746
1.04	0.98	0.71393
1.04	1	0.733137
1.06	0	0.116538
1.06	0.02	0.116894
1.06	0.04	0.117961
1.06	0.06	0.119737
1.06	0.08	0.122218
1.06	0.1	0.125398
1.06	0.12	0.129272
1.06	0.14	0.133831
1.06	0.16	0.139066
1.06	0.18	0.144966
1.06	0.2	0.151519
1.06	0.22	0.158712
1.06	0.24	0.166531
1.06	0.26	0.174961
1.06	0.28	0.183987
1.06	0.3	0.193591
1.06	0.32	0.203757
1.06	0.34	0.214466
1.06	0.36	0.2257
1.06	0.38	0.237441
1.06	0.4	0.249669
1.06	0.42	0.262364
1.06	0.44	0.275508
1.06	0.46	0.289081
1.06	0.48	0.303063
1.06	0.5	0.317435
1.06	0.52	0.332177
1.06	0.54	0.347271
1.06	0.56	0.362697
1.06	0.58	0.378436
1.06	0.6	0.394472
1.06	0.62	0.410784
1.06	0.64	0.427357
1.06	0.66	0.444173
1.06	0.68	0.461215
1.06	0.7	0.478468
1.06	0.72	0.495915
1.06	0.74	0.513542
1.06	0.76	0.531334
1.06	0.78	0.549277
1.06	0.8	0.567357
1.06	0.82	0.585562
1.06	0.84	0.603879
1.06	0.86	0.622295
1.06	0.88	0.640801
1.06	0.9	0.659384
1.06	0.92	0.678034
1.06	0.94	0.696741
1.06	0.96	0.715496
1.06	0.98	0.734289
1.06	1	0.753113
1.08	0	0.153922
1.08	0.02	0.154265
1.08	0.04	0.155293
1.08	0.06	0.157004
1.08	0.08	0.159394
1.08	0.1	0.162459
1.08	0.12	0.166192
1.08	0.14	0.170586
1.08	0.16	0.175633
1.08	0.18	0.181321
1.08	0.2	0.187641
1.08	0.22	0.194579
1.08	0.24	0.202124
1.08	0.26	0.210261
1.08	0.28	0.218975
1.08	0.3	0.22825
1.08	0.32	0.238072
1.08	0.34	0.248421
1.08	0.36	0.259283
1.08	0.38	0.270638
1.08	0.4	0.282469
1.08	0.42	0.294757
1.08	0.44	0.307485
1.08	0.46	0.320633
1.08	0.48	0.334184
1.08	0.5	0.348118
1.08	0.52	0.362418
1.08	0.54	0.377066
1.08	0.56	0.392042
1.08	0.58	0.40733
1.08	0.6	0.422912
1.08	0.62	0.438771
1.08	0.64	0.45489
1.08	0.66	0.471253
1.08	0.68	0.487844
1.08	0.7	0.504647
1.08	0.72	0.521647
1.08	0.74	0.53883
1.08	0.76	0.556181
1.08	0.78	0.573688
1.08	0.8	0.591336
1.08	0.82	0.609113
1.08	0.84	0.627007
1.08	0.86	0.645007
1.08	0.88	0.6631
1.08	0.9	0.681277
1.08	0.92	0.699527
1.08	0.94	0.71784
1.08	0.96	0.736207
1.08	0.98	0.754619
1.08	1	0.773067
1.1	0	0.19062
1.1	0.02	0.190951
1.1	0.04	0.191942
1.1	0.06	0.193591
1.1	0.08	0.195896
1.1	0.1	0.198851
1.1	0.12	0.202451
1.1	0.14	0.206689
1.1	0.16	0.211557
1.1	0.18	0.217045
1.1	0.2	0.223144
1.1	0.22	0.229841
1.1	0.24	0.237125
1.1	0.26	0.244983
1.1	0.28	0.253401
1.1	0.3	0.262364
1.1	0.32	0.271858
1.1	0.34	0.281865
1.1	0.36	0.292371
1.1	0.38	0.303359
1.1	0.4	0.314811
1.1	0.42	0.32671
1.1	0.44	0.33904
1.1	0.46	0.351783
1.1	0.48	0.364921
1.1	0.5	0.378436
1.1	0.52	0.392312
1.1	0.54	0.406531
1.1	0.56	0.421076
1.1	0.58	0.43593
1.1	0.6	0.451076
1.1	0.62	0.466497
1.1	0.64	0.482179
1.1	0.66	0.498105
1.1	0.68	0.51426
1.1	0.7	0.530628
1.1	0.72	0.547196
1.1	0.74	0.563949
1.1	0.76	0.580874
1.1	0.78	0.597957
1.1	0.8	0.615186
1.1	0.82	0.632548
1.1	0.84	0.650031
1.1	0.86	0.667624
1.1	0.88	0.685317
1.1	0.9	0.703098
1.1	0.92	0.720957
1.1	0.94	0.738885
1.1	0.96	0.756873
1.1	0.98	0.774911
1.1	1	0.792993
1.12	0	0.226657
1.12	0.02	0.226976
1.12	0.04	0.227932
1.12	0.06	0.229523
1.12	0.08	0.231746
1.12	0.1	0.234598
1.12	0.12	0.238072
1.12	0.14	0.242162
1.12	0.16	0.24686
1.12	0.18	0.252159
1.12	0.2	0.258047
1.12	0.22	0.264516
1.12	0.24	0.271553
1.12	0.26	0.279146
1.12	0.28	0.287282
1.12	0.3	0.295948
1.12	0.32	0.305129
1.12	0.34	0.314811
1.12	0.36	0.324978
1.12	0.38	0.335615
1.12	0.4	0.346705
1.12	0.42	0.358234
1.12	0.44	0.370183
1.12	0.46	0.382538
1.12	0.48	0.39528
1.12	0.5	0.408394
1.12	0.52	0.421863
1.12	0.54	0.435671
1.12	0.56	0.449801
1.12	0.58	0.464237
1.12	0.6	0.478963
1.12	0.62	0.493964
1.12	0.64	0.509224
1.12	0.66	0.524729
1.12	0.68	0.540462
1.12	0.7	0.556411
1.12	0.72	0.57256
1.12	0.74	0.588897
1.12	0.76	0.605408
1.12	0.78	0.622081
1.12	0.8	0.638902
1.12	0.82	0.655861
1.12	0.84	0.672944
1.12	0.86	0.690143
1.12	0.88	0.707444
1.12	0.9	0.72484
1.12	0.92	0.742318
1.12	0.94	0.759871
1.12	0.96	0.777488
1.12	0.98	0.795162
1.12	1	0.812884
1.14	0	0.262057
1.14	0.02	0.262364
1.14	0.04	0.263287
1.14	0.06	0.264823
1.14	0.08	0.266969
1.14	0.1	0.269722
1.14	0.12	0.273076
1.14	0.14	0.277025
1.14	0.16	0.281563
1.14	0.18	0.286682
1.14	0.2	0.292371
1.14	0.22	0.298622
1.14	0.24	0.305424
1.14	0.26	0.312765
1.14	0.28	0.320633
1.14	0.3	0.329016
1.14	0.32	0.3379
1.14	0.34	0.347271
1.14	0.36	0.357115
1.14	0.38	0.367417
1.14	0.4	0.378162
1.14	0.42	0.389336
1.14	0.44	0.400921
1.14	0.46	0.412904
1.14	0.48	0.425268
1.14	0.5	0.437997
1.14	0.52	0.451076
1.14	0.54	0.464488
1.14	0.56	0.47822
1.14	0.58	0.492254
1.14	0.6	0.506577
1.14	0.62	0.521172
1.14	0.64	0.536025
1.14	0.66	0.551123
1.14	0.68	0.56645
1.14	0.7	0.581992
1.14	0.72	0.597737
1.14	0.74	0.613671
1.14	0.76	0.629781
1.14	0.78	0.646056
1.14	0.8	0.662482
1.14	0.82	0.679048
1.14	0.84	0.695744
1.14	0.86	0.712558
1.14	0.88	0.729479
1.14	0.9	0.746498
1.14	0.92	0.763606
1.14	0.94	0.780792
1.14	0.96	0.798048
1.14	0.98	0.815365
1.14	1	0.832735
1.16	0	0.29684
1.16	0.02	0.297137
1.16	0.04	0.298028
1.16	0.06	0.299512
1.16	0.08	0.301585
1.16	0.1	0.304244
1.16	0.12	0.307485
1.16	0.14	0.311301
1.16	0.16	0.315686
1.16	0.18	0.320633
1.16	0.2	0.326133
1.16	0.22	0.332177
1.16	0.24	0.338755
1.16	0.26	0.345857
1.16	0.28	0.35347
1.16	0.3	0.361583
1.16	0.32	0.370183
1.16	0.34	0.379258
1.16	0.36	0.388794
1.16	0.38	0.398776
1.16	0.4	0.409191
1.16	0.42	0.420025
1.16	0.44	0.431263
1.16	0.46	0.442889
1.16	0.48	0.45489
1.16	0.5	0.46725
1.16	0.52	0.479954
1.16	0.54	0.492987
1.16	0.56	0.506336
1.16	0.58	0.519984
1.16	0.6	0.533917
1.16	0.62	0.548121
1.16	0.64	0.562583
1.16	0.66	0.577287
1.16	0.68	0.592221
1.16	0.7	0.607371
1.16	0.72	0.622725
1.16	0.74	0.638269
1.16	0.76	0.65399
1.16	0.78	0.669879
1.16	0.8	0.685921
1.16	0.82	0.702107
1.16	0.84	0.718425
1.16	0.86	0.734865
1.16	0.88	0.751416
1.16	0.9	0.768069
1.16	0.92	0.784814
1.16	0.94	0.801643
1.16	0.96	0.818546
1.16	0.98	0.835514
1.16	1	0.852541
1.18	0	0.331029
1.18	0.02	0.331316
1.18	0.04	0.332177
1.18	0.06	0.333611
1.18	0.08	0.335615
1.18	0.1	0.338185
1.18	0.12	0.341318
1.18	0.14	0.345007
1.18	0.16	0.349247
1.18	0.18	0.354031
1.18	0.2	0.359351
1.18	0.22	0.365199
1.18	0.24	0.371564
1.18	0.26	0.378436
1.18	0.28	0.385806
1.18	0.3	0.393662
1.18	0.32	0.401992
1.18	0.34	0.410784
1.18	0.36	0.420025
1.18	0.38	0.429702
1.18	0.4	0.439802
1.18	0.42	0.450311
1.18	0.44	0.461215
1.18	0.46	0.472501
1.18	0.48	0.484153
1.18	0.5	0.496159
1.18	0.52	0.508503
1.18	0.54	0.521172
1.18	0.56	0.534151
1.18	0.58	0.547428
1.18	0.6	0.560986
1.18	0.62	0.574814
1.18	0.64	0.588897
1.18	0.66	0.603222
1.18	0.68	0.617777
1.18	0.7	0.632548
1.18	0.72	0.647522
1.18	0.74	0.662688
1.18	0.76	0.678034
1.18	0.78	0.693547
1.18	0.8	0.709217
1.18	0.82	0.725033
1.18	0.84	0.740985
1.18	0.86	0.757061
1.18	0.88	0.773251
1.18	0.9	0.789548
1.18	0.92	0.80594
1.18	0.94	0.82242
1.18	0.96	0.838978
1.18	0.98	0.855606
1.18	1	0.872297
1.2	0	0.364643
1.2	0.02	0.364921
1.2	0.04	0.365754
1.2	0.06	0.36714
1.2	0.08	0.369078
1.2	0.1	0.371564
1.2	0.12	0.374593
1.2	0.14	0.378162
1.2	0.16	0.382265
1.2	0.18	0.386894
1.2	0.2	0.392042
1.2	0.22	0.397702
1.2	0.24	0.403864
1.2	0.26	0.410519
1.2	0.28	0.417657
1.2	0.3	0.425268
1.2	0.32	0.43334
1.2	0.34	0.441861
1.2	0.36	0.450821
1.2	0.38	0.460206
1.2	0.4	0.470004
1.2	0.42	0.480201
1.2	0.44	0.490786
1.2	0.46	0.501745
1.2	0.48	0.513063
1.2	0.5	0.524729
1.2	0.52	0.536727
1.2	0.54	0.549046
1.2	0.56	0.561671
1.2	0.58	0.574589
1.2	0.6	0.587787
1.2	0.62	0.601251
1.2	0.64	0.614969
1.2	0.66	0.628929
1.2	0.68	0.643116
1.2	0.7	0.65752
1.2	0.72	0.672128
1.2	0.74	0.686928
1.2	0.76	0.701909
1.2	0.78	0.717059
1.2	0.8	0.732368
1.2	0.82	0.747825
1.2	0.84	0.763419
1.2	0.86	0.779141
1.2	0.88	0.794981
1.2	0.9	0.81093
1.2	0.92	0.826979
1.2	0.94	0.843118
1.2	0.96	0.859339
1.2	0.98	0.875635
1.2	1	0.891998
1.22	0	0.397702
1.22	0.02	0.39797
1.22	0.04	0.398776
1.22	0.06	0.400118
1.22	0.08	0.401992
1.22	0.1	0.404398
1.22	0.12	0.40733
1.22	0.14	0.410784
1.22	0.16	0.414755
1.22	0.18	0.419237
1.22	0.2	0.424221
1.22	0.22	0.429702
1.22	0.24	0.435671
1.22	0.26	0.442118
1.22	0.28	0.449035
1.22	0.3	0.456412
1.22	0.32	0.464237
1.22	0.34	0.472501
1.22	0.36	0.481191
1.22	0.38	0.490296
1.22	0.4	0.499805
1.22	0.42	0.509705
1.22	0.44	0.519984
1.22	0.46	0.530628
1.22	0.48	0.541626
1.22	0.5	0.552965
1.22	0.52	0.564632
1.22	0.54	0.576613
1.22	0.56	0.588897
1.22	0.58	0.60147
1.22	0.6	0.61432
1.22	0.62	0.627435
1.22	0.64	0.640801
1.22	0.66	0.654406
1.22	0.68	0.66824
1.22	0.7	0.682288
1.22	0.72	0.696541
1.22	0.74	0.710987
1.22	0.76	0.725614
1.22	0.78	0.740412
1.22	0.8	0.755371
1.22	0.82	0.770479
1.22	0.84	0.785726
1.22	0.86	0.801104
1.22	0.88	0.816603
1.22	0.9	0.832213
1.22	0.92	0.847926
1.22	0.94	0.863733
1.22	0.96	0.879627
1.22	0.98	0.895598
1.22	1	0.91164
1.24	0	0.430223
1.24	0.02	0.430483
1.24	0.04	0.431263
1.24	0.06	0.432561
1.24	0.08	0.434376
1.24	0.1	0.436705
1.24	0.12	0.439544
1.24	0.14	0.442889
1.24	0.16	0.446735
1.24	0.18	0.451076
1.24	0.2	0.455905
1.24	0.22	0.461215
1.24	0.24	0.466999
1.24	0.26	0.473248
1.24	0.28	0.479954
1.24	0.3	0.487107
1.24	0.32	0.494696
1.24	0.34	0.502713
1.24	0.36	0.511146
1.24	0.38	0.519984
1.24	0.4	0.529215
1.24	0.42	0.53883
1.24	0.44	0.548815
1.24	0.46	0.559159
1.24	0.48	0.569849
1.24	0.5	0.580874
1.24	0.52	0.592221
1.24	0.54	0.603879
1.24	0.56	0.615834
1.24	0.58	0.628075
1.24	0.6	0.64059
1.24	0.62	0.653366
1.24	0.64	0.666392
1.24	0.66	0.679657
1.24	0.68	0.693147
1.24	0.7	0.706853
1.24	0.72	0.720762
1.24	0.74	0.734865
1.24	0.76	0.749149
1.24	0.78	0.763606
1.24	0.8	0.778223
1.24	0.82	0.792993
1.24	0.84	0.807903
1.24	0.86	0.822947
1.24	0.88	0.838113
1.24	0.9	0.853394
1.24	0.92	0.86878
1.24	0.94	0.884263
1.24	0.96	0.899836
1.24	0.98	0.91549
1.24	1	0.931219
1.26	0	0.462223
1.26	0.02	0.462475
1.26	0.04	0.463231
1.26	0.06	0.464488
1.26	0.08	0.466247
1.26	0.1	0.468503
1.26	0.12	0.471253
1.26	0.14	0.474494
1.26	0.16	0.47822
1.26	0.18	0.482426
1.26	0.2	0.487107
1.26	0.22	0.492254
1.26	0.24	0.497862
1.26	0.26	0.503922
1.26	0.28	0.510426
1.26	0.3	0.517364
1.26	0.32	0.524729
1.26	0.34	0.532509
1.26	0.36	0.540695
1.26	0.38	0.549277
1.26	0.4	0.558243
1.26	0.42	0.567584
1.26	0.44	0.577287
1.26	0.46	0.587342
1.26	0.48	0.597737
1.26	0.5	0.60846
1.26	0.52	0.619501
1.26	0.54	0.630846
1.26	0.56	0.642485
1.26	0.58	0.654406
1.26	0.6	0.666598
1.26	0.62	0.679048
1.26	0.64	0.691746
1.26	0.66	0.70468
1.26	0.68	0.71784
1.26	0.7	0.731213
1.26	0.72	0.74479
1.26	0.74	0.75856
1.26	0.76	0.772513
1.26	0.78	0.786638
1.26	0.8	0.800925
1.26	0.82	0.815365
1.26	0.84	0.829948
1.26	0.86	0.844666
1.26	0.88	0.859509
1.26	0.9	0.874468
1.26	0.92	0.889536
1.26	0.94	0.904704
1.26	0.96	0.919964
1.26	0.98	0.935309
1.26	1	0.950731
1.28	0	0.49372
1.28	0.02	0.493964
1.28	0.04	0.494696
1.28	0.06	0.495915
1.28	0.08	0.497619
1.28	0.1	0.499805
1.28	0.12	0.502471
1.28	0.14	0.505612
1.28	0.16	0.509224
1.28	0.18	0.513303
1.28	0.2	0.517841
1.28	0.22	0.522833
1.28	0.24	0.528273
1.28	0.26	0.534151
1.28	0.28	0.540462
1.28	0.3	0.547196
1.28	0.32	0.554345
1.28	0.34	0.561899
1.28	0.36	0.569849
1.28	0.38	0.578185
1.28	0.4	0.586897
1.28	0.42	0.595975
1.28	0.44	0.605408
1.28	0.46	0.615186
1.28	0.48	0.625297
1.28	0.5	0.63573
1.28	0.52	0.646475
1.28	0.54	0.65752
1.28	0.56	0.668854
1.28	0.58	0.680467
1.28	0.6	0.692347
1.28	0.62	0.704483
1.28	0.64	0.716864
1.28	0.66	0.729479
1.28	0.68	0.742318
1.28	0.7	0.755371
1.28	0.72	0.768626
1.28	0.74	0.782073
1.28	0.76	0.795704
1.28	0.78	0.809507
1.28	0.8	0.823473
1.28	0.82	0.837594
1.28	0.84	0.851859
1.28	0.86	0.86626
1.28	0.88	0.880788
1.28	0.9	0.895435
1.28	0.92	0.910192
1.28	0.94	0.925052
1.28	0.96	0.940007
1.28	0.98	0.95505
1.28	1	0.970173
1.3	0	0.524729
1.3	0.02	0.524965
1.3	0.04	0.525675
1.3	0.06	0.526856
1.3	0.08	0.528508
1.3	0.1	0.530628
1.3	0.12	0.533213
1.3	0.14	0.536259
1.3	0.16	0.539763
1.3	0.18	0.543719
1.3	0.2	0.548121
1.3	0.22	0.552965
1.3	0.24	0.558243
1.3	0.26	0.563949
1.3	0.28	0.570075
1.3	0.3	0.576613
1.3	0.32	0.583556
1.3	0.34	0.590893
1.3	0.36	0.598617
1.3	0.38	0.606717
1.3	0.4	0.615186
1.3	0.42	0.624011
1.3	0.44	0.633185
1.3	0.46	0.642696
1.3	0.48	0.652533
1.3	0.5	0.662688
1.3	0.52	0.673149
1.3	0.54	0.683905
1.3	0.56	0.694946
1.3	0.58	0.706261
1.3	0.6	0.71784
1.3	0.62	0.729672
1.3	0.64	0.741747
1.3	0.66	0.754054
1.3	0.68	0.766583
1.3	0.7	0.779325
1.3	0.72	0.792268
1.3	0.74	0.805404
1.3	0.76	0.818722
1.3	0.78	0.832213
1.3	0.8	0.845868
1.3	0.82	0.859678
1.3	0.84	0.873634
1.3	0.86	0.887727
1.3	0.88	0.901948
1.3	0.9	0.916291
1.3	0.92	0.930746
1.3	0.94	0.945306
1.3	0.96	0.959963
1.3	0.98	0.974711
1.3	1	0.989541
1.32	0	0.555263
1.32	0.02	0.555493
1.32	0.04	0.556181
1.32	0.06	0.557327
1.32	0.08	0.55893
1.32	0.1	0.560986
1.32	0.12	0.563494
1.32	0.14	0.56645
1.32	0.16	0.569849
1.32	0.18	0.573688
1.32	0.2	0.577961
1.32	0.22	0.582662
1.32	0.24	0.587787
1.32	0.26	0.593327
1.32	0.28	0.599276
1.32	0.3	0.605627
1.32	0.32	0.612371
1.32	0.34	0.619501
1.32	0.36	0.627007
1.32	0.38	0.634882
1.32	0.4	0.643116
1.32	0.42	0.6517
1.32	0.44	0.660624
1.32	0.46	0.669879
1.32	0.48	0.679454
1.32	0.5	0.68934
1.32	0.52	0.699527
1.32	0.54	0.710004
1.32	0.56	0.720762
1.32	0.58	0.731791
1.32	0.6	0.74308
1.32	0.62	0.754619
1.32	0.64	0.766398
1.32	0.66	0.778407
1.32	0.68	0.790637
1.32	0.7	0.803077
1.32	0.72	0.815719
1.32	0.74	0.828552
1.32	0.76	0.841567
1.32	0.78	0.854756
1.32	0.8	0.868108
1.32	0.82	0.881616
1.32	0.84	0.895271
1.32	0.86	0.909065
1.32	0.88	0.922988
1.32	0.9	0.937034
1.32	0.92	0.951194
1.32	0.94	0.965462
1.32	0.96	0.979829
1.32	0.98	0.994288
1.32	1	1.00883
1.34	0	0.585339
1.34	0.02	0.585562
1.34	0.04	0.58623
1.34	0.06	0.587342
1.34	0.08	0.588897
1.34	0.1	0.590893
1.34	0.12	0.593327
1.34	0.14	0.596196
1.34	0.16	0.599496
1.34	0.18	0.603222
1.34	0.2	0.607371
1.34	0.22	0.611937
1.34	0.24	0.616914
1.34	0.26	0.622295
1.34	0.28	0.628075
1.34	0.3	0.634246
1.34	0.32	0.640801
1.34	0.34	0.647731
1.34	0.36	0.65503
1.34	0.38	0.662688
1.34	0.4	0.670697
1.34	0.42	0.679048
1.34	0.44	0.687733
1.34	0.46	0.696741
1.34	0.48	0.706063
1.34	0.5	0.715691
1.34	0.52	0.725614
1.34	0.54	0.735823
1.34	0.56	0.746309
1.34	0.58	0.757061
1.34	0.6	0.768069
1.34	0.62	0.779325
1.34	0.64	0.790818
1.34	0.66	0.80254
1.34	0.68	0.814479
1.34	0.7	0.826629
1.34	0.72	0.838978
1.34	0.74	0.851518
1.34	0.76	0.864239
1.34	0.78	0.877134
1.34	0.8	0.890193
1.34	0.82	0.903408
1.34	0.84	0.916771
1.34	0.86	0.930273
1.34	0.88	0.943906
1.34	0.9	0.957663
1.34	0.92	0.971536
1.34	0.94	0.985518
1.34	0.96	0.999602
1.34	0.98	1.01378
1.34	1	1.02805
1.36	0	0.614969
1.36	0.02	0.615186
1.36	0.04	0.615834
1.36	0.06	0.616914
1.36	0.08	0.618424
1.36	0.1	0.620361
1.36	0.12	0.622725
1.36	0.14	0.625511
1.36	0.16	0.628715
1.36	0.18	0.632335
1.36	0.2	0.636365
1.36	0.22	0.640801
1.36	0.24	0.645636
1.36	0.26	0.650866
1.36	0.28	0.656483
1.36	0.3	0.662482
1.36	0.32	0.668854
1.36	0.34	0.675594
1.36	0.36	0.682693
1.36	0.38	0.690143
1.36	0.4	0.697936
1.36	0.42	0.706063
1.36	0.44	0.714517
1.36	0.46	0.723288
1.36	0.48	0.732368
1.36	0.5	0.741747
1.36	0.52	0.751416
1.36	0.54	0.761366
1.36	0.56	0.771589
1.36	0.58	0.782073
1.36	0.6	0.792812
1.36	0.62	0.803794
1.36	0.64	0.815011
1.36	0.66	0.826454
1.36	0.68	0.838113
1.36	0.7	0.84998
1.36	0.72	0.862046
1.36	0.74	0.874301
1.36	0.76	0.886738
1.36	0.78	0.899348
1.36	0.8	0.912122
1.36	0.82	0.925052
1.36	0.84	0.93813
1.36	0.86	0.951349
1.36	0.88	0.9647
1.36	0.9	0.978176
1.36	0.92	0.991769
1.36	0.94	1.00547
1.36	0.96	1.01928
1.36	0.98	1.03318
1.36	1	1.04718
1.38	0	0.644167
1.38	0.02	0.644377
1.38	0.04	0.645007
1.38	0.06	0.646056
1.38	0.08	0.647522
1.38	0.1	0.649404
1.38	0.12	0.6517
1.38	0.14	0.654406
1.38	0.16	0.65752
1.38	0.18	0.661037
1.38	0.2	0.664953
1.38	0.22	0.669264
1.38	0.24	0.673964
1.38	0.26	0.679048
1.38	0.28	0.68451
1.38	0.3	0.690343
1.38	0.32	0.696541
1.38	0.34	0.703098
1.38	0.36	0.710004
1.38	0.38	0.717254
1.38	0.4	0.72484
1.38	0.42	0.732752
1.38	0.44	0.740985
1.38	0.46	0.749528
1.38	0.48	0.758373
1.38	0.5	0.767512
1.38	0.52	0.776937
1.38	0.54	0.786638
1.38	0.56	0.796606
1.38	0.58	0.806833
1.38	0.6	0.81731
1.38	0.62	0.828028
1.38	0.64	0.838978
1.38	0.66	0.850151
1.38	0.68	0.861539
1.38	0.7	0.873133
1.38	0.72	0.884924
1.38	0.74	0.896904
1.38	0.76	0.909065
1.38	0.78	0.921398
1.38	0.8	0.933895
1.38	0.82	0.946548
1.38	0.84	0.95935
1.38	0.86	0.972293
1.38	0.88	0.985369
1.38	0.9	0.998571
1.38	0.92	1.01189
1.38	0.94	1.02532
1.38	0.96	1.03886
1.38	0.98	1.0525
1.38	1	1.06623
1.4	0	0.672944
1.4	0.02	0.673149
1.4	0.04	0.67376
1.4	0.06	0.67478
1.4	0.08	0.676204
1.4	0.1	0.678034
1.4	0.12	0.680265
1.4	0.14	0.682895
1.4	0.16	0.685921
1.4	0.18	0.68934
1.4	0.2	0.693147
1.4	0.22	0.697338
1.4	0.24	0.701909
1.4	0.26	0.706853
1.4	0.28	0.712165
1.4	0.3	0.71784
1.4	0.32	0.72387
1.4	0.34	0.73025
1.4	0.36	0.736973
1.4	0.38	0.74403
1.4	0.4	0.751416
1.4	0.42	0.759122
1.4	0.44	0.767141
1.4	0.46	0.775464
1.4	0.48	0.784084
1.4	0.5	0.792993
1.4	0.52	0.802181
1.4	0.54	0.811641
1.4	0.56	0.821364
1.4	0.58	0.831343
1.4	0.6	0.841567
1.4	0.62	0.85203
1.4	0.64	0.862721
1.4	0.66	0.873634
1.4	0.68	0.884759
1.4	0.7	0.896088
1.4	0.72	0.907613
1.4	0.74	0.919326
1.4	0.76	0.931219
1.4	0.78	0.943283
1.4	0.8	0.955511
1.4	0.82	0.967896
1.4	0.84	0.980429
1.4	0.86	0.993104
1.4	0.88	1.00591
1.4	0.9	1.01885
1.4	0.92	1.0319
1.4	0.94	1.04507
1.4	0.96	1.05835
1.4	0.98	1.07172
1.4	1	1.08519
1.42	0	0.701314
1.42	0.02	0.701512
1.42	0.04	0.702107
1.42	0.06	0.703098
1.42	0.08	0.704483
1.42	0.1	0.706261
1.42	0.12	0.70843
1.42	0.14	0.710987
1.42	0.16	0.71393
1.42	0.18	0.717254
1.42	0.2	0.720957
1.42	0.22	0.725033
1.42	0.24	0.729479
1.42	0.26	0.734289
1.42	0.28	0.739458
1.42	0.3	0.74498
1.42	0.32	0.75085
1.42	0.34	0.757061
1.42	0.36	0.763606
1.42	0.38	0.770479
1.42	0.4	0.777672
1.42	0.42	0.785179
1.42	0.44	0.792993
1.42	0.46	0.801104
1.42	0.48	0.809507
1.42	0.5	0.818193
1.42	0.52	0.827153
1.42	0.54	0.836381
1.42	0.56	0.845868
1.42	0.58	0.855606
1.42	0.6	0.865587
1.42	0.62	0.875802
1.42	0.64	0.886244
1.42	0.66	0.896904
1.42	0.68	0.907775
1.42	0.7	0.918847
1.42	0.72	0.930115
1.42	0.74	0.941569
1.42	0.76	0.953201
1.42	0.78	0.965005
1.42	0.8	0.976972
1.42	0.82	0.989095
1.42	0.84	1.00137
1.42	0.86	1.01378
1.42	0.88	1.02633
1.42	0.9	1.039
1.42	0.92	1.0518
1.42	0.94	1.06471
1.42	0.96	1.07773
1.42	0.98	1.09085
1.42	1	1.10406
1.44	0	0.729286
1.44	0.02	0.729479
1.44	0.04	0.730058
1.44	0.06	0.731021
1.44	0.08	0.732368
1.44	0.1	0.734097
1.44	0.12	0.736207
1.44	0.14	0.738694
1.44	0.16	0.741556
1.44	0.18	0.74479
1.44	0.2	0.748393
1.44	0.22	0.752359
1.44	0.24	0.756685
1.44	0.26	0.761366
1.44	0.28	0.766398
1.44	0.3	0.771774
1.44	0.32	0.777488
1.44	0.34	0.783536
1.44	0.36	0.789911
1.44	0.38	0.796606
1.44	0.4	0.803615
1.44	0.42	0.81093
1.44	0.44	0.818546
1.44	0.46	0.826454
1.44	0.48	0.834647
1.44	0.5	0.843118
1.44	0.52	0.851859
1.44	0.54	0.860863
1.44	0.56	0.870121
1.44	0.58	0.879627
1.44	0.6	0.889372
1.44	0.62	0.899348
1.44	0.64	0.909548
1.44	0.66	0.919964
1.44	0.68	0.930588
1.44	0.7	0.941413
1.44	0.72	0.95243
1.44	0.74	0.963632
1.44	0.76	0.975012
1.44	0.78	0.986563
1.44	0.8	0.998276
1.44	0.82	1.01015
1.44	0.84	1.02216
1.44	0.86	1.03432
1.44	0.88	1.04662
1.44	0.9	1.05904
1.44	0.92	1.07158
1.44	0.94	1.08424
1.44	0.96	1.09701
1.44	0.98	1.10988
1.44	1	1.12285
1.46	0	0.756873
1.46	0.02	0.757061
1.46	0.04	0.757623
1.46	0.06	0.75856
1.46	0.08	0.759871
1.46	0.1	0.761553
1.46	0.12	0.763606
1.46	0.14	0.766026
1.46	0.16	0.768811
1.46	0.18	0.771958
1.46	0.2	0.775464
1.46	0.22	0.779325
1.46	0.24	0.783536
1.46	0.26	0.788094
1.46	0.28	0.792993
1.46	0.3	0.798228
1.46	0.32	0.803794
1.46	0.34	0.809685
1.46	0.36	0.815896
1.46	0.38	0.82242
1.46	0.4	0.82925
1.46	0.42	0.836381
1.46	0.44	0.843806
1.46	0.46	0.851518
1.46	0.48	0.859509
1.46	0.5	0.867773
1.46	0.52	0.876302
1.46	0.54	0.885089
1.46	0.56	0.894127
1.46	0.58	0.903408
1.46	0.6	0.912925
1.46	0.62	0.92267
1.46	0.64	0.932636
1.46	0.66	0.942816
1.46	0.68	0.953201
1.46	0.7	0.963785
1.46	0.72	0.97456
1.46	0.74	0.985518
1.46	0.76	0.996653
1.46	0.78	1.00796
1.46	0.8	1.01942
1.46	0.82	1.03105
1.46	0.84	1.04282
1.46	0.86	1.05473
1.46	0.88	1.06678
1.46	0.9	1.07895
1.46	0.92	1.09125
1.46	0.94	1.10367
1.46	0.96	1.11619
1.46	0.98	1.12882
1.46	1	1.14154
1.48	0	0.784084
1.48	0.02	0.784267
1.48	0.04	0.784814
1.48	0.06	0.785726
1.48	0.08	0.787002
1.48	0.1	0.788639
1.48	0.12	0.790637
1.48	0.14	0.792993
1.48	0.16	0.795704
1.48	0.18	0.798768
1.48	0.2	0.802181
1.48	0.22	0.80594
1.48	0.24	0.810041
1.48	0.26	0.814479
1.48	0.28	0.819251
1.48	0.3	0.824351
1.48	0.32	0.829774
1.48	0.34	0.835514
1.48	0.36	0.841567
1.48	0.38	0.847926
1.48	0.4	0.854586
1.48	0.42	0.861539
1.48	0.44	0.86878
1.48	0.46	0.876302
1.48	0.48	0.884098
1.48	0.5	0.892162
1.48	0.52	0.900487
1.48	0.54	0.909065
1.48	0.56	0.917889
1.48	0.58	0.926954
1.48	0.6	0.93625
1.48	0.62	0.945772
1.48	0.64	0.955511
1.48	0.66	0.965462
1.48	0.68	0.975616
1.48	0.7	0.985966
1.48	0.72	0.996506
1.48	0.74	1.00723
1.48	0.76	1.01813
1.48	0.78	1.02919
1.48	0.8	1.04042
1.48	0.82	1.0518
1.48	0.84	1.06333
1.48	0.86	1.075
1.48	0.88	1.08681
1.48	0.9	1.09875
1.48	0.92	1.1108
1.48	0.94	1.12298
1.48	0.96	1.13527
1.48	0.98	1.14766
1.48	1	1.16015
1.5	0	0.81093
1.5	0.02	0.811108
1.5	0.04	0.811641
1.5	0.06	0.812529
1.5	0.08	0.813771
1.5	0.1	0.815365
1.5	0.12	0.81731
1.5	0.14	0.819604
1.5	0.16	0.822244
1.5	0.18	0.825228
1.5	0.2	0.828552
1.5	0.22	0.832213
1.5	0.24	0.836208
1.5	0.26	0.840532
1.5	0.28	0.845181
1.5	0.3	0.850151
1.5	0.32	0.855436
1.5	0.34	0.861032
1.5	0.36	0.866932
1.5	0.38	0.873133
1.5	0.4	0.879627
1.5	0.42	0.886409
1.5	0.44	0.893472
1.5	0.46	0.900812
1.5	0.48	0.90842
1.5	0.5	0.916291
1.5	0.52	0.924418
1.5	0.54	0.932794
1.5	0.56	0.941413
1.5	0.58	0.950267
1.5	0.6	0.95935
1.5	0.62	0.968655
1.5	0.64	0.978176
1.5	0.66	0.987904
1.5	0.68	0.997834
1.5	0.7	1.00796
1.5	0.72	1.01827
1.5	0.74	1.02876
1.5	0.76	1.03943
1.5	0.78	1.05026
1.5	0.8	1.06126
1.5	0.82	1.07241
1.5	0.84	1.0837
1.5	0.86	1.09514
1.5	0.88	1.10671
1.5	0.9	1.11841
1.5	0.92	1.13024
1.5	0.94	1.14218
1.5	0.96	1.15424
1.5	0.98	1.1664
1.5	1	1.17865
1.52	0	0.837421
1.52	0.02	0.837594
1.52	0.04	0.838113
1.52	0.06	0.838978
1.52	0.08	0.840187
1.52	0.1	0.84174
1.52	0.12	0.843634
1.52	0.14	0.845868
1.52	0.16	0.84844
1.52	0.18	0.851347
1.52	0.2	0.854586
1.52	0.22	0.858153
1.52	0.24	0.862046
1.52	0.26	0.86626
1.52	0.28	0.870791
1.52	0.3	0.875635
1.52	0.32	0.880788
1.52	0.34	0.886244
1.52	0.36	0.891998
1.52	0.38	0.898045
1.52	0.4	0.90438
1.52	0.42	0.910997
1.52	0.44	0.917889
1.52	0.46	0.925052
1.52	0.48	0.932479
1.52	0.5	0.940163
1.52	0.52	0.948099
1.52	0.54	0.95628
1.52	0.56	0.9647
1.52	0.58	0.973351
1.52	0.6	0.982228
1.52	0.62	0.991324
1.52	0.64	1.00063
1.52	0.66	1.01015
1.52	0.68	1.01986
1.52	0.7	1.02976
1.52	0.72	1.03985
1.52	0.74	1.05012
1.52	0.76	1.06056
1.52	0.78	1.07117
1.52	0.8	1.08194
1.52	0.82	1.09286
1.52	0.84	1.10393
1.52	0.86	1.11514
1.52	0.88	1.12649
1.52	0.9	1.13796
1.52	0.92	1.14956
1.52	0.94	1.16127
1.52	0.96	1.1731
1.52	0.98	1.18503
1.52	1	1.19707
1.54	0	0.863565
1.54	0.02	0.863733
1.54	0.04	0.864239
1.54	0.06	0.865082
1.54	0.08	0.86626
1.54	0.1	0.867773
1.54	0.12	0.869618
1.54	0.14	0.871795
1.54	0.16	0.874301
1.54	0.18	0.877134
1.54	0.2	0.88029
1.54	0.22	0.883768
1.54	0.24	0.887562
1.54	0.26	0.89167
1.54	0.28	0.896088
1.54	0.3	0.900812
1.54	0.32	0.905836
1.54	0.34	0.911158
1.54	0.36	0.916771
1.54	0.38	0.92267
1.54	0.4	0.928852
1.54	0.42	0.935309
1.54	0.44	0.942036
1.54	0.46	0.949029
1.54	0.48	0.95628
1.54	0.5	0.963785
1.54	0.52	0.971536
1.54	0.54	0.979528
1.54	0.56	0.987755
1.54	0.58	0.99621
1.54	0.6	1.00489
1.54	0.62	1.01378
1.54	0.64	1.02288
1.54	0.66	1.03219
1.54	0.68	1.04169
1.54	0.7	1.05138
1.54	0.72	1.06126
1.54	0.74	1.07131
1.54	0.76	1.08153
1.54	0.78	1.09192
1.54	0.8	1.10247
1.54	0.82	1.11317
1.54	0.84	1.12402
1.54	0.86	1.13501
1.54	0.88	1.14613
1.54	0.9	1.15738
1.54	0.92	1.16876
1.54	0.94	1.18025
1.54	0.96	1.19186
1.54	0.98	1.20357
1.54	1	1.21539
1.56	0	0.889372
1.56	0.02	0.889536
1.56	0.04	0.890029
1.56	0.06	0.89085
1.56	0.08	0.891998
1.56	0.1	0.893472
1.56	0.12	0.895271
1.56	0.14	0.897393
1.56	0.16	0.899836
1.56	0.18	0.902597
1.56	0.2	0.905675
1.56	0.22	0.909065
1.56	0.24	0.912765
1.56	0.26	0.916771
1.56	0.28	0.921079
1.56	0.3	0.925686
1.56	0.32	0.930588
1.56	0.34	0.93578
1.56	0.36	0.941256
1.56	0.38	0.947014
1.56	0.4	0.953047
1.56	0.42	0.95935
1.56	0.44	0.965919
1.56	0.46	0.972747
1.56	0.48	0.979829
1.56	0.5	0.987159
1.56	0.52	0.994732
1.56	0.54	1.00254
1.56	0.56	1.01058
1.56	0.58	1.01885
1.56	0.6	1.02733
1.56	0.62	1.03603
1.56	0.64	1.04493
1.56	0.66	1.05403
1.56	0.68	1.06333
1.56	0.7	1.07282
1.56	0.72	1.08248
1.56	0.74	1.09233
1.56	0.76	1.10234
1.56	0.78	1.11252
1.56	0.8	1.12285
1.56	0.82	1.13334
1.56	0.84	1.14397
1.56	0.86	1.15474
1.56	0.88	1.16565
1.56	0.9	1.17668
1.56	0.92	1.18784
1.56	0.94	1.19912
1.56	0.96	1.21051
1.56	0.98	1.22201
1.56	1	1.23361
1.58	0	0.91485
1.58	0.02	0.91501
1.58	0.04	0.91549
1.58	0.06	0.916291
1.58	0.08	0.91741
1.58	0.1	0.918847
1.58	0.12	0.920601
1.58	0.14	0.92267
1.58	0.16	0.925052
1.58	0.18	0.927745
1.58	0.2	0.930746
1.58	0.22	0.934052
1.58	0.24	0.937661
1.58	0.26	0.941569
1.58	0.28	0.945772
1.58	0.3	0.950267
1.58	0.32	0.95505
1.58	0.34	0.960116
1.58	0.36	0.965462
1.58	0.38	0.971082
1.58	0.4	0.976972
1.58	0.42	0.983127
1.58	0.44	0.989541
1.58	0.46	0.99621
1.58	0.48	1.00313
1.58	0.5	1.01029
1.58	0.52	1.01769
1.58	0.54	1.02532
1.58	0.56	1.03318
1.58	0.58	1.04127
1.58	0.6	1.04956
1.58	0.62	1.05807
1.58	0.64	1.06678
1.58	0.66	1.07568
1.58	0.68	1.08478
1.58	0.7	1.09407
1.58	0.72	1.10353
1.58	0.74	1.11317
1.58	0.76	1.12298
1.58	0.78	1.13295
1.58	0.8	1.14308
1.58	0.82	1.15335
1.58	0.84	1.16378
1.58	0.86	1.17434
1.58	0.88	1.18503
1.58	0.9	1.19586
1.58	0.92	1.20681
1.58	0.94	1.21788
1.58	0.96	1.22906
1.58	0.98	1.24034
1.58	1	1.25173
1.6	0	0.940007
1.6	0.02	0.940163
1.6	0.04	0.940632
1.6	0.06	0.941413
1.6	0.08	0.942504
1.6	0.1	0.943906
1.6	0.12	0.945616
1.6	0.14	0.947634
1.6	0.16	0.949958
1.6	0.18	0.952584
1.6	0.2	0.955511
1.6	0.22	0.958737
1.6	0.24	0.962258
1.6	0.26	0.966071
1.6	0.28	0.970173
1.6	0.3	0.97456
1.6	0.32	0.979228
1.6	0.34	0.984174
1.6	0.36	0.989392
1.6	0.38	0.99488
1.6	0.4	1.00063
1.6	0.42	1.00664
1.6	0.44	1.01291
1.6	0.46	1.01942
1.6	0.48	1.02618
1.6	0.5	1.03318
1.6	0.52	1.04042
1.6	0.54	1.04788
1.6	0.56	1.05557
1.6	0.58	1.06347
1.6	0.6	1.07158
1.6	0.62	1.07991
1.6	0.64	1.08843
1.6	0.66	1.09714
1.6	0.68	1.10605
1.6	0.7	1.11514
1.6	0.72	1.12441
1.6	0.74	1.13385
1.6	0.76	1.14346
1.6	0.78	1.15323
1.6	0.8	1.16315
1.6	0.82	1.17322
1.6	0.84	1.18344
1.6	0.86	1.1938
1.6	0.88	1.20429
1.6	0.9	1.21491
1.6	0.92	1.22566
1.6	0.94	1.23652
1.6	0.96	1.24749
1.6	0.98	1.25857
1.6	1	1.26976
1.62	0	0.964852
1.62	0.02	0.965005
1.62	0.04	0.965462
1.62	0.06	0.966223
1.62	0.08	0.967288
1.62	0.1	0.968655
1.62	0.12	0.970324
1.62	0.14	0.972293
1.62	0.16	0.97456
1.62	0.18	0.977122
1.62	0.2	0.979979
1.62	0.22	0.983127
1.62	0.24	0.986563
1.62	0.26	0.990284
1.62	0.28	0.994288
1.62	0.3	0.998571
1.62	0.32	1.00313
1.62	0.34	1.00796
1.62	0.36	1.01305
1.62	0.38	1.01841
1.62	0.4	1.02403
1.62	0.42	1.02991
1.62	0.44	1.03603
1.62	0.46	1.04239
1.62	0.48	1.049
1.62	0.5	1.05584
1.62	0.52	1.06292
1.62	0.54	1.07021
1.62	0.56	1.07773
1.62	0.58	1.08546
1.62	0.6	1.0934
1.62	0.62	1.10154
1.62	0.64	1.10988
1.62	0.66	1.11841
1.62	0.68	1.12713
1.62	0.7	1.13604
1.62	0.72	1.14511
1.62	0.74	1.15436
1.62	0.76	1.16378
1.62	0.78	1.17335
1.62	0.8	1.18308
1.62	0.82	1.19295
1.62	0.84	1.20297
1.62	0.86	1.21313
1.62	0.88	1.22342
1.62	0.9	1.23384
1.62	0.92	1.24439
1.62	0.94	1.25505
1.62	0.96	1.26582
1.62	0.98	1.2767
1.62	1	1.28769
1.64	0	0.989392
1.64	0.02	0.989541
1.64	0.04	0.989987
1.64	0.06	0.99073
1.64	0.08	0.991769
1.64	0.1	0.993104
1.64	0.12	0.994732
1.64	0.14	0.996653
1.64	0.16	0.998866
1.64	0.18	1.00137
1.64	0.2	1.00416
1.64	0.22	1.00723
1.64	0.24	1.01058
1.64	0.26	1.01422
1.64	0.28	1.01813
1.64	0.3	1.02231
1.64	0.32	1.02676
1.64	0.34	1.03147
1.64	0.36	1.03645
1.64	0.38	1.04169
1.64	0.4	1.04718
1.64	0.42	1.05292
1.64	0.44	1.0589
1.64	0.46	1.06512
1.64	0.48	1.07158
1.64	0.5	1.07827
1.64	0.52	1.08519
1.64	0.54	1.09233
1.64	0.56	1.09968
1.64	0.58	1.10724
1.64	0.6	1.11501
1.64	0.62	1.12298
1.64	0.64	1.13114
1.64	0.66	1.1395
1.64	0.68	1.14804
1.64	0.7	1.15676
1.64	0.72	1.16565
1.64	0.74	1.17471
1.64	0.76	1.18393
1.64	0.78	1.19332
1.64	0.8	1.20285
1.64	0.82	1.21254
1.64	0.84	1.22236
1.64	0.86	1.23233
1.64	0.88	1.24242
1.64	0.9	1.25265
1.64	0.92	1.263
1.64	0.94	1.27346
1.64	0.96	1.28404
1.64	0.98	1.29473
1.64	1	1.30552
1.66	0	1.01364
1.66	0.02	1.01378
1.66	0.04	1.01422
1.66	0.06	1.01494
1.66	0.08	1.01596
1.66	0.1	1.01726
1.66	0.12	1.01885
1.66	0.14	1.02072
1.66	0.16	1.02288
1.66	0.18	1.02532
1.66	0.2	1.02805
1.66	0.22	1.03105
1.66	0.24	1.03432
1.66	0.26	1.03787
1.66	0.28	1.04169
1.66	0.3	1.04577
1.66	0.32	1.05012
1.66	0.34	1.05473
1.66	0.36	1.05959
1.66	0.38	1.06471
1.66	0.4	1.07008
1.66	0.42	1.07568
1.66	0.44	1.08153
1.66	0.46	1.08762
1.66	0.48	1.09393
1.66	0.5	1.10048
1.66	0.52	1.10724
1.66	0.54	1.11422
1.66	0.56	1.12142
1.66	0.58	1.12882
1.66	0.6	1.13642
1.66	0.62	1.14422
1.66	0.64	1.15222
1.66	0.66	1.1604
1.66	0.68	1.16876
1.66	0.7	1.1773
1.66	0.72	1.18601
1.66	0.74	1.19489
1.66	0.76	1.20393
1.66	0.78	1.21313
1.66	0.8	1.22248
1.66	0.82	1.23198
1.66	0.84	1.24162
1.66	0.86	1.25139
1.66	0.88	1.2613
1.66	0.9	1.27133
1.66	0.92	1.28149
1.66	0.94	1.29176
1.66	0.96	1.30215
1.66	0.98	1.31265
1.66	1	1.32325
1.68	0	1.03759
1.68	0.02	1.03773
1.68	0.04	1.03815
1.68	0.06	1.03886
1.68	0.08	1.03985
1.68	0.1	1.04112
1.68	0.12	1.04268
1.68	0.14	1.04451
1.68	0.16	1.04662
1.68	0.18	1.049
1.68	0.2	1.05166
1.68	0.22	1.05459
1.68	0.24	1.05779
1.68	0.26	1.06126
1.68	0.28	1.06499
1.68	0.3	1.06898
1.68	0.32	1.07323
1.68	0.34	1.07773
1.68	0.36	1.08248
1.68	0.38	1.08748
1.68	0.4	1.09273
1.68	0.42	1.09821
1.68	0.44	1.10393
1.68	0.46	1.10988
1.68	0.48	1.11606
1.68	0.5	1.12246
1.68	0.52	1.12908
1.68	0.54	1.13591
1.68	0.56	1.14295
1.68	0.58	1.15019
1.68	0.6	1.15764
1.68	0.62	1.16527
1.68	0.64	1.1731
1.68	0.66	1.18111
1.68	0.68	1.18931
1.68	0.7	1.19767
1.68	0.72	1.20621
1.68	0.74	1.21491
1.68	0.76	1.22378
1.68	0.78	1.23279
1.68	0.8	1.24196
1.68	0.82	1.25128
1.68	0.84	1.26073
1.68	0.86	1.27032
1.68	0.88	1.28004
1.68	0.9	1.28989
1.68	0.92	1.29986
1.68	0.94	1.30995
1.68	0.96	1.32015
1.68	0.98	1.33046
1.68	1	1.34088
1.7	0	1.06126
1.7	0.02	1.06139
1.7	0.04	1.06181
1.7	0.06	1.0625
1.7	0.08	1.06347
1.7	0.1	1.06471
1.7	0.12	1.06623
1.7	0.14	1.06802
1.7	0.16	1.07008
1.7	0.18	1.07241
1.7	0.2	1.075
1.7	0.22	1.07787
1.7	0.24	1.08099
1.7	0.26	1.08438
1.7	0.28	1.08802
1.7	0.3	1.09192
1.7	0.32	1.09608
1.7	0.34	1.10048
1.7	0.36	1.10512
1.7	0.38	1.11001
1.7	0.4	1.11514
1.7	0.42	1.1205
1.7	0.44	1.1261
1.7	0.46	1.13192
1.7	0.48	1.13796
1.7	0.5	1.14422
1.7	0.52	1.1507
1.7	0.54	1.15738
1.7	0.56	1.16428
1.7	0.58	1.17137
1.7	0.6	1.17865
1.7	0.62	1.18613
1.7	0.64	1.1938
1.7	0.66	1.20165
1.7	0.68	1.20968
1.7	0.7	1.21788
1.7	0.72	1.22624
1.7	0.74	1.23477
1.7	0.76	1.24346
1.7	0.78	1.25231
1.7	0.8	1.2613
1.7	0.82	1.27043
1.7	0.84	1.27971
1.7	0.86	1.28912
1.7	0.88	1.29866
1.7	0.9	1.30833
1.7	0.92	1.31812
1.7	0.94	1.32803
1.7	0.96	1.33805
1.7	0.98	1.34818
1.7	1	1.35841
1.72	0	1.08465
1.72	0.02	1.08478
1.72	0.04	1.08519
1.72	0.06	1.08586
1.72	0.08	1.08681
1.72	0.1	1.08802
1.72	0.12	1.0895
1.72	0.14	1.09125
1.72	0.16	1.09326
1.72	0.18	1.09554
1.72	0.2	1.09808
1.72	0.22	1.10088
1.72	0.24	1.10393
1.72	0.26	1.10724
1.72	0.28	1.1108
1.72	0.3	1.11462
1.72	0.32	1.11868
1.72	0.34	1.12298
1.72	0.36	1.12752
1.72	0.38	1.1323
1.72	0.4	1.13732
1.72	0.42	1.14257
1.72	0.44	1.14804
1.72	0.46	1.15373
1.72	0.48	1.15964
1.72	0.5	1.16577
1.72	0.52	1.17211
1.72	0.54	1.17865
1.72	0.56	1.1854
1.72	0.58	1.19235
1.72	0.6	1.19948
1.72	0.62	1.20681
1.72	0.64	1.21432
1.72	0.66	1.22201
1.72	0.68	1.22987
1.72	0.7	1.23791
1.72	0.72	1.24611
1.72	0.74	1.25448
1.72	0.76	1.263
1.72	0.78	1.27167
1.72	0.8	1.28049
1.72	0.82	1.28945
1.72	0.84	1.29856
1.72	0.86	1.30779
1.72	0.88	1.31716
1.72	0.9	1.32665
1.72	0.92	1.33626
1.72	0.94	1.34599
1.72	0.96	1.35584
1.72	0.98	1.36579
1.72	1	1.37584
1.74	0	1.10777
1.74	0.02	1.1079
1.74	0.04	1.1083
1.74	0.06	1.10896
1.74	0.08	1.10988
1.74	0.1	1.11107
1.74	0.12	1.11252
1.74	0.14	1.11422
1.74	0.16	1.11619
1.74	0.18	1.11841
1.74	0.2	1.1209
1.74	0.22	1.12363
1.74	0.24	1.12662
1.74	0.26	1.12985
1.74	0.28	1.13334
1.74	0.3	1.13706
1.74	0.32	1.14103
1.74	0.34	1.14524
1.74	0.36	1.14969
1.74	0.38	1.15436
1.74	0.4	1.15927
1.74	0.42	1.1644
1.74	0.44	1.16975
1.74	0.46	1.17533
1.74	0.48	1.18111
1.74	0.5	1.18711
1.74	0.52	1.19332
1.74	0.54	1.19972
1.74	0.56	1.20633
1.74	0.58	1.21313
1.74	0.6	1.22012
1.74	0.62	1.2273
1.74	0.64	1.23466
1.74	0.66	1.24219
1.74	0.68	1.2499
1.74	0.7	1.25778
1.74	0.72	1.26582
1.74	0.74	1.27402
1.74	0.76	1.28238
1.74	0.78	1.29088
1.74	0.8	1.29954
1.74	0.82	1.30833
1.74	0.84	1.31727
1.74	0.86	1.32633
1.74	0.88	1.33553
1.74	0.9	1.34485
1.74	0.92	1.35429
1.74	0.94	1.36384
1.74	0.96	1.37351
1.74	0.98	1.38329
1.74	1	1.39317
1.76	0	1.13063
1.76	0.02	1.13076
1.76	0.04	1.13114
1.76	0.06	1.13179
1.76	0.08	1.13269
1.76	0.1	1.13385
1.76	0.12	1.13527
1.76	0.14	1.13694
1.76	0.16	1.13886
1.76	0.18	1.14103
1.76	0.2	1.14346
1.76	0.22	1.14613
1.76	0.24	1.14905
1.76	0.26	1.15222
1.76	0.28	1.15562
1.76	0.3	1.15927
1.76	0.32	1.16315
1.76	0.34	1.16727
1.76	0.36	1.17161
1.76	0.38	1.17619
1.76	0.4	1.18099
1.76	0.42	1.18601
1.76	0.44	1.19125
1.76	0.46	1.19671
1.76	0.48	1.20237
1.76	0.5	1.20824
1.76	0.52	1.21432
1.76	0.54	1.22059
1.76	0.56	1.22706
1.76	0.58	1.23373
1.76	0.6	1.24057
1.76	0.62	1.24761
1.76	0.64	1.25482
1.76	0.66	1.2622
1.76	0.68	1.26976
1.76	0.7	1.27748
1.76	0.72	1.28537
1.76	0.74	1.29341
1.76	0.76	1.30161
1.76	0.78	1.30995
1.76	0.8	1.31844
1.76	0.82	1.32708
1.76	0.84	1.33584
1.76	0.86	1.34474
1.76	0.88	1.35377
1.76	0.9	1.36292
1.76	0.92	1.3722
1.76	0.94	1.38158
1.76	0.96	1.39108
1.76	0.98	1.40069
1.76	1	1.4104
1.78	0	1.15323
1.78	0.02	1.15335
1.78	0.04	1.15373
1.78	0.06	1.15436
1.78	0.08	1.15524
1.78	0.1	1.15638
1.78	0.12	1.15776
1.78	0.14	1.15939
1.78	0.16	1.16127
1.78	0.18	1.1634
1.78	0.2	1.16577
1.78	0.22	1.16839
1.78	0.24	1.17124
1.78	0.26	1.17434
1.78	0.28	1.17767
1.78	0.3	1.18124
1.78	0.32	1.18503
1.78	0.34	1.18906
1.78	0.36	1.19332
1.78	0.38	1.19779
1.78	0.4	1.20249
1.78	0.42	1.20741
1.78	0.44	1.21254
1.78	0.46	1.21788
1.78	0.48	1.22342
1.78	0.5	1.22917
1.78	0.52	1.23512
1.78	0.54	1.24127
1.78	0.56	1.24761
1.78	0.58	1.25413
1.78	0.6	1.26084
1.78	0.62	1.26774
1.78	0.64	1.2748
1.78	0.66	1.28204
1.78	0.68	1.28945
1.78	0.7	1.29703
1.78	0.72	1.30476
1.78	0.74	1.31265
1.78	0.76	1.32069
1.78	0.78	1.32888
1.78	0.8	1.33721
1.78	0.82	1.34568
1.78	0.84	1.35429
1.78	0.86	1.36303
1.78	0.88	1.37189
1.78	0.9	1.38088
1.78	0.92	1.38999
1.78	0.94	1.39921
1.78	0.96	1.40854
1.78	0.98	1.41799
1.78	1	1.42753
1.8	0	1.17557
1.8	0.02	1.1757
1.8	0.04	1.17607
1.8	0.06	1.17668
1.8	0.08	1.17755
1.8	0.1	1.17865
1.8	0.12	1.18001
1.8	0.14	1.1816
1.8	0.16	1.18344
1.8	0.18	1.18552
1.8	0.2	1.18784
1.8	0.22	1.1904
1.8	0.24	1.19319
1.8	0.26	1.19622
1.8	0.28	1.19948
1.8	0.3	1.20297
1.8	0.32	1.20669
1.8	0.34	1.21063
1.8	0.36	1.21479
1.8	0.38	1.21918
1.8	0.4	1.22378
1.8	0.42	1.22859
1.8	0.44	1.23361
1.8	0.46	1.23884
1.8	0.48	1.24427
1.8	0.5	1.2499
1.8	0.52	1.25573
1.8	0.54	1.26175
1.8	0.56	1.26796
1.8	0.58	1.27436
1.8	0.6	1.28093
1.8	0.62	1.28769
1.8	0.64	1.29462
1.8	0.66	1.30172
1.8	0.68	1.30898
1.8	0.7	1.31641
1.8	0.72	1.32399
1.8	0.74	1.33173
1.8	0.76	1.33962
1.8	0.78	1.34766
1.8	0.8	1.35584
1.8	0.82	1.36415
1.8	0.84	1.3726
1.8	0.86	1.38118
1.8	0.88	1.38989
1.8	0.9	1.39872
1.8	0.92	1.40766
1.8	0.94	1.41673
1.8	0.96	1.4259
1.8	0.98	1.43518
1.8	1	1.44456
1.82	0	1.19767
1.82	0.02	1.19779
1.82	0.04	1.19816
1.82	0.06	1.19876
1.82	0.08	1.1996
1.82	0.1	1.20069
1.82	0.12	1.20201
1.82	0.14	1.20357
1.82	0.16	1.20537
1.82	0.18	1.20741
1.82	0.2	1.20968
1.82	0.22	1.21218
1.82	0.24	1.21491
1.82	0.26	1.21788
1.82	0.28	1.22107
1.82	0.3	1.22448
1.82	0.32	1.22812
1.82	0.34	1.23198
1.82	0.36	1.23605
1.82	0.38	1.24034
1.82	0.4	1.24485
1.82	0.42	1.24956
1.82	0.44	1.25448
1.82	0.46	1.2596
1.82	0.48	1.26492
1.82	0.5	1.27043
1.82	0.52	1.27614
1.82	0.54	1.28204
1.82	0.56	1.28813
1.82	0.58	1.2944
1.82	0.6	1.30085
1.82	0.62	1.30747
1.82	0.64	1.31426
1.82	0.66	1.32122
1.82	0.68	1.32835
1.82	0.7	1.33563
1.82	0.72	1.34307
1.82	0.74	1.35067
1.82	0.76	1.35841
1.82	0.78	1.3663
1.82	0.8	1.37432
1.82	0.82	1.38249
1.82	0.84	1.39078
1.82	0.86	1.39921
1.82	0.88	1.40776
1.82	0.9	1.41644
1.82	0.92	1.42523
1.82	0.94	1.43413
1.82	0.96	1.44315
1.82	0.98	1.45227
1.82	1	1.46149
1.84	0	1.21953
1.84	0.02	1.21965
1.84	0.04	1.22
1.84	0.06	1.22059
1.84	0.08	1.22142
1.84	0.1	1.22248
1.84	0.12	1.22378
1.84	0.14	1.2253
1.84	0.16	1.22706
1.84	0.18	1.22906
1.84	0.2	1.23128
1.84	0.22	1.23373
1.84	0.24	1.2364
1.84	0.26	1.2393
1.84	0.28	1.24242
1.84	0.3	1.24577
1.84	0.32	1.24933
1.84	0.34	1.25311
1.84	0.36	1.2571
1.84	0.38	1.2613
1.84	0.4	1.26571
1.84	0.42	1.27032
1.84	0.44	1.27514
1.84	0.46	1.28016
1.84	0.48	1.28537
1.84	0.5	1.29077
1.84	0.52	1.29637
1.84	0.54	1.30215
1.84	0.56	1.30812
1.84	0.58	1.31426
1.84	0.6	1.32058
1.84	0.62	1.32708
1.84	0.64	1.33374
1.84	0.66	1.34056
1.84	0.68	1.34755
1.84	0.7	1.3547
1.84	0.72	1.362
1.84	0.74	1.36945
1.84	0.76	1.37705
1.84	0.78	1.38479
1.84	0.8	1.39267
1.84	0.82	1.40069
1.84	0.84	1.40884
1.84	0.86	1.41711
1.84	0.88	1.42552
1.84	0.9	1.43404
1.84	0.92	1.44267
1.84	0.94	1.45143
1.84	0.96	1.46029
1.84	0.98	1.46926
1.84	1	1.47833
1.86	0	1.24115
1.86	0.02	1.24127
1.86	0.04	1.24162
1.86	0.06	1.24219
1.86	0.08	1.243
1.86	0.1	1.24404
1.86	0.12	1.24531
1.86	0.14	1.2468
1.86	0.16	1.24853
1.86	0.18	1.25047
1.86	0.2	1.25265
1.86	0.22	1.25505
1.86	0.24	1.25767
1.86	0.26	1.2605
1.86	0.28	1.26356
1.86	0.3	1.26683
1.86	0.32	1.27032
1.86	0.34	1.27402
1.86	0.36	1.27793
1.86	0.38	1.28204
1.86	0.4	1.28636
1.86	0.42	1.29088
1.86	0.44	1.2956
1.86	0.46	1.30052
1.86	0.48	1.30563
1.86	0.5	1.31092
1.86	0.52	1.31641
1.86	0.54	1.32208
1.86	0.56	1.32792
1.86	0.58	1.33395
1.86	0.6	1.34015
1.86	0.62	1.34651
1.86	0.64	1.35305
1.86	0.66	1.35975
1.86	0.68	1.3666
1.86	0.7	1.37361
1.86	0.72	1.38078
1.86	0.74	1.38809
1.86	0.76	1.39555
1.86	0.78	1.40315
1.86	0.8	1.41089
1.86	0.82	1.41876
1.86	0.84	1.42676
1.86	0.86	1.43489
1.86	0.88	1.44315
1.86	0.9	1.45152
1.86	0.92	1.46001
1.86	0.94	1.46861
1.86	0.96	1.47732
1.86	0.98	1.48614
1.86	1	1.49506
1.88	0	1.26254
1.88	0.02	1.26266
1.88	0.04	1.263
1.88	0.06	1.26356
1.88	0.08	1.26435
1.88	0.1	1.26537
1.88	0.12	1.26661
1.88	0.14	1.26807
1.88	0.16	1.26976
1.88	0.18	1.27167
1.88	0.2	1.2738
1.88	0.22	1.27614
1.88	0.24	1.27871
1.88	0.26	1.28149
1.88	0.28	1.28448
1.88	0.3	1.28769
1.88	0.32	1.2911
1.88	0.34	1.29473
1.88	0.36	1.29856
1.88	0.38	1.30259
1.88	0.4	1.30682
1.88	0.42	1.31125
1.88	0.44	1.31587
1.88	0.46	1.32069
1.88	0.48	1.32569
1.88	0.5	1.33089
1.88	0.52	1.33626
1.88	0.54	1.34182
1.88	0.56	1.34755
1.88	0.58	1.35346
1.88	0.6	1.35954
1.88	0.62	1.36579
1.88	0.64	1.3722
1.88	0.66	1.37877
1.88	0.68	1.38549
1.88	0.7	1.39238
1.88	0.72	1.39941
1.88	0.74	1.40659
1.88	0.76	1.41391
1.88	0.78	1.42137
1.88	0.8	1.42897
1.88	0.82	1.4367
1.88	0.84	1.44456
1.88	0.86	1.45255
1.88	0.88	1.46066
1.88	0.9	1.46889
1.88	0.92	1.47723
1.88	0.94	1.48569
1.88	0.96	1.49425
1.88	0.98	1.50292
1.88	1	1.51169
1.9	0	1.28371
1.9	0.02	1.28382
1.9	0.04	1.28415
1.9	0.06	1.2847
1.9	0.08	1.28548
1.9	0.1	1.28647
1.9	0.12	1.28769
1.9	0.14	1.28912
1.9	0.16	1.29077
1.9	0.18	1.29264
1.9	0.2	1.29473
1.9	0.22	1.29703
1.9	0.24	1.29954
1.9	0.26	1.30226
1.9	0.28	1.30519
1.9	0.3	1.30833
1.9	0.32	1.31168
1.9	0.34	1.31523
1.9	0.36	1.31898
1.9	0.38	1.32293
1.9	0.4	1.32708
1.9	0.42	1.33142
1.9	0.44	1.33595
1.9	0.46	1.34067
1.9	0.48	1.34558
1.9	0.5	1.35067
1.9	0.52	1.35594
1.9	0.54	1.36139
1.9	0.56	1.36701
1.9	0.58	1.3728
1.9	0.6	1.37877
1.9	0.62	1.38489
1.9	0.64	1.39118
1.9	0.66	1.39763
1.9	0.68	1.40423
1.9	0.7	1.41099
1.9	0.72	1.41789
1.9	0.74	1.42494
1.9	0.76	1.43213
1.9	0.78	1.43946
1.9	0.8	1.44692
1.9	0.82	1.45451
1.9	0.84	1.46224
1.9	0.86	1.47008
1.9	0.88	1.47805
1.9	0.9	1.48614
1.9	0.92	1.49434
1.9	0.94	1.50265
1.9	0.96	1.51108
1.9	0.98	1.5196
1.9	1	1.52823
1.92	0	1.30465
1.92	0.02	1.30476
1.92	0.04	1.30508
1.92	0.06	1.30563
1.92	0.08	1.30638
1.92	0.1	1.30736
1.92	0.12	1.30855
1.92	0.14	1.30995
1.92	0.16	1.31157
1.92	0.18	1.3134
1.92	0.2	1.31544
1.92	0.22	1.31769
1.92	0.24	1.32015
1.92	0.26	1.32282
1.92	0.28	1.32569
1.92	0.3	1.32877
1.92	0.32	1.33205
1.92	0.34	1.33553
1.92	0.36	1.3392
1.92	0.38	1.34307
1.92	0.4	1.34714
1.92	0.42	1.35139
1.92	0.44	1.35584
1.92	0.46	1.36046
1.92	0.48	1.36527
1.92	0.5	1.37027
1.92	0.52	1.37544
1.92	0.54	1.38078
1.92	0.56	1.38629
1.92	0.58	1.39198
1.92	0.6	1.39783
1.92	0.62	1.40384
1.92	0.64	1.41001
1.92	0.66	1.41634
1.92	0.68	1.42282
1.92	0.7	1.42945
1.92	0.72	1.43623
1.92	0.74	1.44315
1.92	0.76	1.45021
1.92	0.78	1.4574
1.92	0.8	1.46474
1.92	0.82	1.4722
1.92	0.84	1.47978
1.92	0.86	1.4875
1.92	0.88	1.49533
1.92	0.9	1.50328
1.92	0.92	1.51134
1.92	0.94	1.51951
1.92	0.96	1.52779
1.92	0.98	1.53618
1.92	1	1.54466
1.94	0	1.32538
1.94	0.02	1.32548
1.94	0.04	1.3258
1.94	0.06	1.32633
1.94	0.08	1.32708
1.94	0.1	1.32803
1.94	0.12	1.32919
1.94	0.14	1.33057
1.94	0.16	1.33215
1.94	0.18	1.33395
1.94	0.2	1.33595
1.94	0.22	1.33815
1.94	0.24	1.34056
1.94	0.26	1.34318
1.94	0.28	1.34599
1.94	0.3	1.34901
1.94	0.32	1.35222
1.94	0.34	1.35563
1.94	0.36	1.35923
1.94	0.38	1.36303
1.94	0.4	1.36701
1.94	0.42	1.37118
1.94	0.44	1.37554
1.94	0.46	1.38008
1.94	0.48	1.38479
1.94	0.5	1.38969
1.94	0.52	1.39476
1.94	0.54	1.4
1.94	0.56	1.40541
1.94	0.58	1.41099
1.94	0.6	1.41673
1.94	0.62	1.42263
1.94	0.64	1.42868
1.94	0.66	1.43489
1.94	0.68	1.44126
1.94	0.7	1.44777
1.94	0.72	1.45442
1.94	0.74	1.46122
1.94	0.76	1.46815
1.94	0.78	1.47522
1.94	0.8	1.48242
1.94	0.82	1.48975
1.94	0.84	1.49721
1.94	0.86	1.50479
1.94	0.88	1.51249
1.94	0.9	1.5203
1.94	0.92	1.52823
1.94	0.94	1.53626
1.94	0.96	1.54441
1.94	0.98	1.55266
1.94	1	1.561
1.96	0	1.34589
1.96	0.02	1.34599
1.96	0.04	1.34631
1.96	0.06	1.34683
1.96	0.08	1.34755
1.96	0.1	1.34849
1.96	0.12	1.34963
1.96	0.14	1.35098
1.96	0.16	1.35253
1.96	0.18	1.35429
1.96	0.2	1.35625
1.96	0.22	1.35841
1.96	0.24	1.36077
1.96	0.26	1.36333
1.96	0.28	1.36609
1.96	0.3	1.36905
1.96	0.32	1.3722
1.96	0.34	1.37554
1.96	0.36	1.37907
1.96	0.38	1.38279
1.96	0.4	1.38669
1.96	0.42	1.39078
1.96	0.44	1.39506
1.96	0.46	1.39951
1.96	0.48	1.40413
1.96	0.5	1.40894
1.96	0.52	1.41391
1.96	0.54	1.41905
1.96	0.56	1.42436
1.96	0.58	1.42983
1.96	0.6	1.43547
1.96	0.62	1.44126
1.96	0.64	1.4472
1.96	0.66	1.4533
1.96	0.68	1.45954
1.96	0.7	1.46594
1.96	0.72	1.47247
1.96	0.74	1.47915
1.96	0.76	1.48596
1.96	0.78	1.4929
1.96	0.8	1.49998
1.96	0.82	1.50718
1.96	0.84	1.51451
1.96	0.86	1.52196
1.96	0.88	1.52953
1.96	0.9	1.53721
1.96	0.92	1.54501
1.96	0.94	1.55291
1.96	0.96	1.56092
1.96	0.98	1.56903
1.96	1	1.57725
1.98	0	1.36619
1.98	0.02	1.3663
1.98	0.04	1.3666
1.98	0.06	1.36711
1.98	0.08	1.36782
1.98	0.1	1.36874
1.98	0.12	1.36986
1.98	0.14	1.37118
1.98	0.16	1.3727
1.98	0.18	1.37442
1.98	0.2	1.37635
1.98	0.22	1.37846
1.98	0.24	1.38078
1.98	0.26	1.38329
1.98	0.28	1.38599
1.98	0.3	1.38889
1.98	0.32	1.39198
1.98	0.34	1.39525
1.98	0.36	1.39872
1.98	0.38	1.40236
1.98	0.4	1.4062
1.98	0.42	1.41021
1.98	0.44	1.4144
1.98	0.46	1.41876
1.98	0.48	1.4233
1.98	0.5	1.42801
1.98	0.52	1.43289
1.98	0.54	1.43794
1.98	0.56	1.44315
1.98	0.58	1.44852
1.98	0.6	1.45405
1.98	0.62	1.45973
1.98	0.64	1.46557
1.98	0.66	1.47155
1.98	0.68	1.47769
1.98	0.7	1.48397
1.98	0.72	1.49038
1.98	0.74	1.49694
1.98	0.76	1.50363
1.98	0.78	1.51046
1.98	0.8	1.51741
1.98	0.82	1.52449
1.98	0.84	1.53169
1.98	0.86	1.53902
1.98	0.88	1.54646
1.98	0.9	1.55401
1.98	0.92	1.56168
1.98	0.94	1.56945
1.98	0.96	1.57733
1.98	0.98	1.58531
1.98	1	1.59339
2	0	1.38629
2	0.02	1.38639
2	0.04	1.38669
2	0.06	1.38719
2	0.08	1.38789
2	0.1	1.38879
2	0.12	1.38989
2	0.14	1.39118
2	0.16	1.39267
2	0.18	1.39436
2	0.2	1.39624
2	0.22	1.39832
2	0.24	1.40059
2	0.26	1.40305
2	0.28	1.4057
2	0.3	1.40854
2	0.32	1.41157
2	0.34	1.41478
2	0.36	1.41818
2	0.38	1.42176
2	0.4	1.42552
2	0.42	1.42945
2	0.44	1.43356
2	0.46	1.43784
2	0.48	1.4423
2	0.5	1.44692
2	0.52	1.45171
2	0.54	1.45666
2	0.56	1.46177
2	0.58	1.46704
2	0.6	1.47247
2	0.62	1.47805
2	0.64	1.48378
2	0.66	1.48966
2	0.68	1.49569
2	0.7	1.50185
2	0.72	1.50816
2	0.74	1.5146
2	0.76	1.52117
2	0.78	1.52788
2	0.8	1.53471
2	0.82	1.54167
2	0.84	1.54875
2	0.86	1.55595
2	0.88	1.56327
2	0.9	1.5707
2	0.92	1.57824
2	0.94	1.58588
2	0.96	1.59363
2	0.98	1.60149
2	1	1.60944
