1	0	1
1	0.04	0.9216
1	0.08	0.8464
1	0.12	0.7744
1	0.16	0.7056
1	0.2	0.64
1	0.24	0.5776
1	0.28	0.5184
1	0.32	0.4624
1	0.36	0.4096
1	0.4	0.36
1	0.44	0.3136
1	0.48	0.2704
1	0.52	0.2304
1	0.56	0.1936
1	0.6	0.16
1	0.64	0.1296
1	0.68	0.1024
1	0.72	0.0784
1	0.76	0.0576
1	0.8	0.04
1	0.84	0.0256
1	0.88	0.0144
1	0.92	0.0064
1	0.96	0.0016
1	1	0
1	1.04	0.0016
1	1.08	0.0064
1	1.12	0.0144
1	1.16	0.0256
1	1.2	0.04
1	1.24	0.0576
1	1.28	0.0784
1	1.32	0.1024
1	1.36	0.1296
1	1.4	0.16
1	1.44	0.1936
1	1.48	0.2304
1	1.52	0.2704
1	1.56	0.3136
1	1.6	0.36
1	1.64	0.4096
1	1.68	0.4624
1	1.72	0.5184
1	1.76	0.5776
1	1.8	0.64
1	1.84	0.7056
1	1.88	0.7744
1	1.92	0.8464
1	1.96	0.9216
1	2	1
1.02	0	1.0404
1.02	0.04	0.960399
1.02	0.08	0.883598
1.02	0.12	0.809997
1.02	0.16	0.739596
1.02	0.2	0.672395
1.02	0.24	0.608394
1.02	0.28	0.547593
1.02	0.32	0.489992
1.02	0.36	0.435591
1.02	0.4	0.38439
1.02	0.44	0.336389
1.02	0.48	0.291588
1.02	0.52	0.249988
1.02	0.56	0.211587
1.02	0.6	0.176386
1.02	0.64	0.144386
1.02	0.68	0.115585
1.02	0.72	0.0899847
1.02	0.76	0.0675843
1.02	0.8	0.048384
1.02	0.84	0.0323838
1.02	0.88	0.0195836
1.02	0.92	0.00998349
1.02	0.96	0.00358344
1.02	1	0.000383455
1.02	1.04	0.000383538
1.02	1.08	0.00358368
1.02	1.12	0.00998389
1.02	1.16	0.0195842
1.02	1.2	0.0323845
1.02	1.24	0.0483849
1.02	1.28	0.0675853
1.02	1.32	0.0899858
1.02	1.36	0.115586
1.02	1.4	0.144387
1.02	1.44	0.176388
1.02	1.48	0.211588
1.02	1.52	0.249989
1.02	1.56	0.29159
1.02	1.6	0.336391
1.02	1.64	0.384392
1.02	1.68	0.435592
1.02	1.72	0.489993
1.02	1.76	0.547594
1.02	1.8	0.608395
1.02	1.84	0.672396
1.02	1.88	0.739597
1.02	1.92	0.809998
1.02	1.96	0.883599
1.02	2	0.9604
1.04	0	1.0816
1.04	0.04	0.999998
1.04	0.08	0.921596
1.04	0.12	0.846393
1.04	0.16	0.774391
1.04	0.2	0.705589
1.04	0.24	0.639987
1.04	0.28	0.577585
1.04	0.32	0.518383
1.04	0.36	0.462382
1.04	0.4	0.40958
1.04	0.44	0.359978
1.04	0.48	0.313577
1.04	0.52	0.270375
1.04	0.56	0.230374
1.04	0.6	0.193573
1.04	0.64	0.159971
1.04	0.68	0.12957
1.04	0.72	0.10237
1.04	0.76	0.0783688
1.04	0.8	0.0575682
1.04	0.84	0.0399677
1.04	0.88	0.0255673
1.04	0.92	0.0143671
1.04	0.96	0.00636701
1.04	1	0.00156704
1.04	1.04	-3.27951e-05
1.04	1.08	0.0015675
1.04	1.12	0.00636791
1.04	1.16	0.0143685
1.04	1.2	0.0255691
1.04	1.24	0.0399699
1.04	1.28	0.0575708
1.04	1.32	0.0783718
1.04	1.36	0.102373
1.04	1.4	0.129574
1.04	1.44	0.159975
1.04	1.48	0.193577
1.04	1.52	0.230378
1.04	1.56	0.27038
1.04	1.6	0.313581
1.04	1.64	0.359983
1.04	1.68	0.409585
1.04	1.72	0.462387
1.04	1.76	0.518388
1.04	1.8	0.57759
1.04	1.84	0.639992
1.04	1.88	0.705594
1.04	1.92	0.774396
1.04	1.96	0.846398
1.04	2	0.9216
1.06	0	1.1236
1.06	0.04	1.0404
1.06	0.08	0.960393
1.06	0.12	0.88359
1.06	0.16	0.809987
1.06	0.2	0.739584
1.06	0.24	0.672381
1.06	0.28	0.608378
1.06	0.32	0.547575
1.06	0.36	0.489972
1.06	0.4	0.43557
1.06	0.44	0.384367
1.06	0.48	0.336365
1.06	0.52	0.291563
1.06	0.56	0.249961
1.06	0.6	0.211559
1.06	0.64	0.176357
1.06	0.68	0.144356
1.06	0.72	0.115555
1.06	0.76	0.0899535
1.06	0.8	0.0675525
1.06	0.84	0.0483518
1.06	0.88	0.0323513
1.06	0.92	0.0195509
1.06	0.96	0.00995077
1.06	1	0.00355082
1.06	1.04	0.000351066
1.06	1.08	0.000351501
1.06	1.12	0.00355212
1.06	1.16	0.00995293
1.06	1.2	0.0195539
1.06	1.24	0.0323551
1.06	1.28	0.0483564
1.06	1.32	0.0675579
1.06	1.36	0.0899596
1.06	1.4	0.115561
1.06	1.44	0.144363
1.06	1.48	0.176365
1.06	1.52	0.211568
1.06	1.56	0.24997
1.06	1.6	0.291572
1.06	1.64	0.336375
1.06	1.68	0.384377
1.06	1.72	0.43558
1.06	1.76	0.489983
1.06	1.8	0.547586
1.06	1.84	0.608388
1.06	1.88	0.672391
1.06	1.92	0.739594
1.06	1.96	0.809997
1.06	2	0.8836
1.08	0	1.1664
1.08	0.04	1.0816
1.08	0.08	0.999991
1.08	0.12	0.921587
1.08	0.16	0.846383
1.08	0.2	0.774379
1.08	0.24	0.705575
1.08	0.28	0.639971
1.08	0.32	0.577567
1.08	0.36	0.518363
1.08	0.4	0.46236
1.08	0.44	0.409557
1.08	0.48	0.359954
1.08	0.52	0.313551
1.08	0.56	0.270348
1.08	0.6	0.230346
1.08	0.64	0.193544
1.08	0.68	0.159942
1.08	0.72	0.12954
1.08	0.76	0.102338
1.08	0.8	0.0783371
1.08	0.84	0.0575361
1.08	0.88	0.0399354
1.08	0.92	0.025535
1.08	0.96	0.0143348
1.08	1	0.00633486
1.08	1.04	0.00153518
1.08	1.08	-6.42404e-05
1.08	1.12	0.00153659
1.08	1.16	0.00633766
1.08	1.2	0.014339
1.08	1.24	0.0255405
1.08	1.28	0.0399423
1.08	1.32	0.0575442
1.08	1.36	0.0783464
1.08	1.4	0.102349
1.08	1.44	0.129551
1.08	1.48	0.159954
1.08	1.52	0.193557
1.08	1.56	0.23036
1.08	1.6	0.270363
1.08	1.64	0.313567
1.08	1.68	0.35997
1.08	1.72	0.409574
1.08	1.76	0.462377
1.08	1.8	0.518381
1.08	1.84	0.577585
1.08	1.88	0.639988
1.08	1.92	0.705592
1.08	1.96	0.774396
1.08	2	0.8464
1.1	0	1.21
1.1	0.04	1.12359
1.1	0.08	1.04039
1.1	0.12	0.960384
1.1	0.16	0.883579
1.1	0.2	0.809974
1.1	0.24	0.739569
1.1	0.28	0.672364
1.1	0.32	0.608359
1.1	0.36	0.547555
1.1	0.4	0.48995
1.1	0.44	0.435546
1.1	0.48	0.384343
1.1	0.52	0.336339
1.1	0.56	0.291536
1.1	0.6	0.249933
1.1	0.64	0.21153
1.1	0.68	0.176328
1.1	0.72	0.144325
1.1	0.76	0.115524
1.1	0.8	0.089922
1.1	0.84	0.0675208
1.1	0.88	0.0483199
1.1	0.92	0.0323194
1.1	0.96	0.0195191
1.1	1	0.00991922
1.1	1.04	0.00351962
1.1	1.08	0.000320334
1.1	1.12	0.000321357
1.1	1.16	0.00352268
1.1	1.2	0.00992431
1.1	1.24	0.0195262
1.1	1.28	0.0323284
1.1	1.32	0.0483309
1.1	1.36	0.0675336
1.1	1.4	0.0899365
1.1	1.44	0.11554
1.1	1.48	0.144343
1.1	1.52	0.176347
1.1	1.56	0.211551
1.1	1.6	0.249954
1.1	1.64	0.291559
1.1	1.68	0.336363
1.1	1.72	0.384367
1.1	1.76	0.435572
1.1	1.8	0.489976
1.1	1.84	0.547581
1.1	1.88	0.608386
1.1	1.92	0.67239
1.1	1.96	0.739595
1.1	2	0.81
1.12	0	1.2544
1.12	0.04	1.16639
1.12	0.08	1.08159
1.12	0.12	0.999981
1.12	0.16	0.921575
1.12	0.2	0.846369
1.12	0.24	0.774363
1.12	0.28	0.705557
1.12	0.32	0.639951
1.12	0.36	0.577546
1.12	0.4	0.518341
1.12	0.44	0.462336
1.12	0.48	0.409532
1.12	0.52	0.359928
1.12	0.56	0.313524
1.12	0.6	0.27032
1.12	0.64	0.230317
1.12	0.68	0.193514
1.12	0.72	0.159911
1.12	0.76	0.129509
1.12	0.8	0.102307
1.12	0.84	0.0783059
1.12	0.88	0.0575048
1.12	0.92	0.0399041
1.12	0.96	0.0255039
1.12	1	0.014304
1.12	1.04	0.00630443
1.12	1.08	0.00150528
1.12	1.12	-9.35007e-05
1.12	1.16	0.00150808
1.12	1.2	0.00631001
1.12	1.24	0.0143123
1.12	1.28	0.0255149
1.12	1.32	0.0399178
1.12	1.36	0.057521
1.12	1.4	0.0783245
1.12	1.44	0.102328
1.12	1.48	0.129532
1.12	1.52	0.159937
1.12	1.56	0.193541
1.12	1.6	0.230346
1.12	1.64	0.270351
1.12	1.68	0.313556
1.12	1.72	0.359961
1.12	1.76	0.409566
1.12	1.8	0.462372
1.12	1.84	0.518377
1.12	1.88	0.577583
1.12	1.92	0.639989
1.12	1.96	0.705594
1.12	2	0.7744
1.14	0	1.2996
1.14	0.04	1.20999
1.14	0.08	1.12359
1.14	0.12	1.04038
1.14	0.16	0.960371
1.14	0.2	0.883564
1.14	0.24	0.809957
1.14	0.28	0.73955
1.14	0.32	0.672344
1.14	0.36	0.608338
1.14	0.4	0.547532
1.14	0.44	0.489926
1.14	0.48	0.435521
1.14	0.52	0.384316
1.14	0.56	0.336312
1.14	0.6	0.291508
1.14	0.64	0.249904
1.14	0.68	0.211501
1.14	0.72	0.176298
1.14	0.76	0.144295
1.14	0.8	0.115493
1.14	0.84	0.0898913
1.14	0.88	0.0674901
1.14	0.92	0.0482893
1.14	0.96	0.032289
1.14	1	0.0194891
1.14	1.04	0.00988968
1.14	1.08	0.00349066
1.14	1.12	0.000292068
1.14	1.16	0.000293889
1.14	1.2	0.00349612
1.14	1.24	0.00989874
1.14	1.28	0.0195017
1.14	1.32	0.0323051
1.14	1.36	0.0483088
1.14	1.4	0.0675129
1.14	1.44	0.0899173
1.14	1.48	0.115522
1.14	1.52	0.144327
1.14	1.56	0.176332
1.14	1.6	0.211538
1.14	1.64	0.249943
1.14	1.68	0.291549
1.14	1.72	0.336355
1.14	1.76	0.384361
1.14	1.8	0.435568
1.14	1.84	0.489974
1.14	1.88	0.54758
1.14	1.92	0.608387
1.14	1.96	0.672393
1.14	2	0.7396
1.16	0	1.3456
1.16	0.04	1.25439
1.16	0.08	1.16638
1.16	0.12	1.08158
1.16	0.16	0.999967
1.16	0.2	0.921559
1.16	0.24	0.846351
1.16	0.28	0.774344
1.16	0.32	0.705537
1.16	0.36	0.63993
1.16	0.4	0.577523
1.16	0.44	0.518317
1.16	0.48	0.462311
1.16	0.52	0.409505
1.16	0.56	0.3599
1.16	0.6	0.313496
1.16	0.64	0.270291
1.16	0.68	0.230288
1.16	0.72	0.193484
1.16	0.76	0.159882
1.16	0.8	0.129479
1.16	0.84	0.102277
1.16	0.88	0.0782759
1.16	0.92	0.057475
1.16	0.96	0.0398747
1.16	1	0.0254748
1.16	1.04	0.0142754
1.16	1.08	0.00627653
1.16	1.12	0.00147812
1.16	1.16	-0.000119824
1.16	1.2	0.00148269
1.16	1.24	0.00628565
1.16	1.28	0.014289
1.16	1.32	0.0254928
1.16	1.36	0.039897
1.16	1.4	0.0575016
1.16	1.44	0.0783066
1.16	1.48	0.102312
1.16	1.52	0.129517
1.16	1.56	0.159923
1.16	1.6	0.193529
1.16	1.64	0.230336
1.16	1.68	0.270342
1.16	1.72	0.313549
1.16	1.76	0.359956
1.16	1.8	0.409563
1.16	1.84	0.462371
1.16	1.88	0.518378
1.16	1.92	0.577585
1.16	1.96	0.639993
1.16	2	0.7056
1.18	0	1.3924
1.18	0.04	1.29959
1.18	0.08	1.20998
1.18	0.12	1.12357
1.18	0.16	1.04036
1.18	0.2	0.960355
1.18	0.24	0.883546
1.18	0.28	0.809938
1.18	0.32	0.73953
1.18	0.36	0.672322
1.18	0.4	0.608315
1.18	0.44	0.547508
1.18	0.48	0.489901
1.18	0.52	0.435495
1.18	0.56	0.384289
1.18	0.6	0.336284
1.18	0.64	0.29148
1.18	0.68	0.249875
1.18	0.72	0.211472
1.18	0.76	0.176268
1.18	0.8	0.144266
1.18	0.84	0.115464
1.18	0.88	0.0898623
1.18	0.92	0.0674613
1.18	0.96	0.0482609
1.18	1	0.032261
1.18	1.04	0.0194617
1.18	1.08	0.00986295
1.18	1.12	0.00346471
1.18	1.16	0.000266989
1.18	1.2	0.000269779
1.18	1.24	0.00347306
1.18	1.28	0.00987683
1.18	1.32	0.0194811
1.18	1.36	0.0322857
1.18	1.4	0.0482908
1.18	1.44	0.0674963
1.18	1.48	0.0899021
1.18	1.52	0.115508
1.18	1.56	0.144315
1.18	1.6	0.176322
1.18	1.64	0.211529
1.18	1.68	0.249936
1.18	1.72	0.291544
1.18	1.76	0.336351
1.18	1.8	0.384359
1.18	1.84	0.435567
1.18	1.88	0.489975
1.18	1.92	0.547584
1.18	1.96	0.608392
1.18	2	0.6724
1.2	0	1.44
1.2	0.04	1.34559
1.2	0.08	1.25438
1.2	0.12	1.16637
1.2	0.16	1.08156
1.2	0.2	0.99995
1.2	0.24	0.921541
1.2	0.28	0.846332
1.2	0.32	0.774323
1.2	0.36	0.705515
1.2	0.4	0.639907
1.2	0.44	0.577499
1.2	0.48	0.518292
1.2	0.52	0.462285
1.2	0.56	0.409479
1.2	0.6	0.359873
1.2	0.64	0.313468
1.2	0.68	0.270263
1.2	0.72	0.230259
1.2	0.76	0.193456
1.2	0.8	0.159853
1.2	0.84	0.129451
1.2	0.88	0.102249
1.2	0.92	0.0782481
1.2	0.96	0.0574477
1.2	1	0.0398479
1.2	1.04	0.0254486
1.2	1.08	0.01425
1.2	1.12	0.00625188
1.2	1.16	0.00145438
1.2	1.2	-0.000142567
1.2	1.24	0.00146103
1.2	1.28	0.00626515
1.2	1.32	0.0142698
1.2	1.36	0.0254749
1.2	1.4	0.0398804
1.2	1.44	0.0574865
1.2	1.48	0.0782929
1.2	1.52	0.1023
1.2	1.56	0.129507
1.2	1.6	0.159914
1.2	1.64	0.193522
1.2	1.68	0.23033
1.2	1.72	0.270338
1.2	1.76	0.313547
1.2	1.8	0.359955
1.2	1.84	0.409564
1.2	1.88	0.462373
1.2	1.92	0.518382
1.2	1.96	0.577591
1.2	2	0.64
1.22	0	1.4884
1.22	0.04	1.39239
1.22	0.08	1.29958
1.22	0.12	1.20997
1.22	0.16	1.12356
1.22	0.2	1.04035
1.22	0.24	0.960336
1.22	0.28	0.883526
1.22	0.32	0.809917
1.22	0.36	0.739508
1.22	0.4	0.672299
1.22	0.44	0.608291
1.22	0.48	0.547483
1.22	0.52	0.489876
1.22	0.56	0.435469
1.22	0.6	0.384263
1.22	0.64	0.336257
1.22	0.68	0.291452
1.22	0.72	0.249848
1.22	0.76	0.211444
1.22	0.8	0.176241
1.22	0.84	0.144239
1.22	0.88	0.115437
1.22	0.92	0.0898357
1.22	0.96	0.0674352
1.22	1	0.0482353
1.22	1.04	0.0322361
1.22	1.08	0.0194376
1.22	1.12	0.00983969
1.22	1.16	0.00344239
1.22	1.2	0.000245697
1.22	1.24	0.00024959
1.22	1.28	0.00345405
1.22	1.32	0.00985905
1.22	1.36	0.0194646
1.22	1.4	0.0322706
1.22	1.44	0.0482771
1.22	1.48	0.067484
1.22	1.52	0.0898914
1.22	1.56	0.115499
1.22	1.6	0.144307
1.22	1.64	0.176316
1.22	1.68	0.211524
1.22	1.72	0.249933
1.22	1.76	0.291542
1.22	1.8	0.336352
1.22	1.84	0.384361
1.22	1.88	0.435571
1.22	1.92	0.489981
1.22	1.96	0.54759
1.22	2	0.6084
1.24	0	1.5376
1.24	0.04	1.43999
1.24	0.08	1.34558
1.24	0.12	1.25436
1.24	0.16	1.16635
1.24	0.2	1.08154
1.24	0.24	0.999932
1.24	0.28	0.921521
1.24	0.32	0.846311
1.24	0.36	0.774301
1.24	0.4	0.705492
1.24	0.44	0.639883
1.24	0.48	0.577475
1.24	0.52	0.518267
1.24	0.56	0.46226
1.24	0.6	0.409453
1.24	0.64	0.359847
1.24	0.68	0.313442
1.24	0.72	0.270237
1.24	0.76	0.230233
1.24	0.8	0.19343
1.24	0.84	0.159827
1.24	0.88	0.129425
1.24	0.92	0.102224
1.24	0.96	0.0782233
1.24	1	0.0574235
1.24	1.04	0.0398244
1.24	1.08	0.0254259
1.24	1.12	0.0142282
1.24	1.16	0.00623107
1.24	1.2	0.00143462
1.24	1.24	-0.000161212
1.24	1.28	0.00144357
1.24	1.32	0.00624893
1.24	1.36	0.0142549
1.24	1.4	0.0254613
1.24	1.44	0.0398683
1.24	1.48	0.0574757
1.24	1.52	0.0782836
1.24	1.56	0.102292
1.24	1.6	0.129501
1.24	1.64	0.15991
1.24	1.68	0.193519
1.24	1.72	0.230329
1.24	1.76	0.270338
1.24	1.8	0.313548
1.24	1.84	0.359959
1.24	1.88	0.409569
1.24	1.92	0.462379
1.24	1.96	0.51839
1.24	2	0.5776
1.26	0	1.5876
1.26	0.04	1.48839
1.26	0.08	1.39237
1.26	0.12	1.29956
1.26	0.16	1.20995
1.26	0.2	1.12354
1.26	0.24	1.04033
1.26	0.28	0.960316
1.26	0.32	0.883505
1.26	0.36	0.809895
1.26	0.4	0.739485
1.26	0.44	0.672276
1.26	0.48	0.608267
1.26	0.52	0.547458
1.26	0.56	0.489851
1.26	0.6	0.435444
1.26	0.64	0.384237
1.26	0.68	0.336232
1.26	0.72	0.291427
1.26	0.76	0.249822
1.26	0.8	0.211419
1.26	0.84	0.176216
1.26	0.88	0.144214
1.26	0.92	0.115413
1.26	0.96	0.0898122
1.26	1	0.0674124
1.26	1.04	0.0482134
1.26	1.08	0.032215
1.26	1.12	0.0194174
1.26	1.16	0.00982046
1.26	1.2	0.00342423
1.26	1.24	0.000228664
1.26	1.28	0.000233743
1.26	1.32	0.00343944
1.26	1.36	0.00984574
1.26	1.4	0.0194526
1.26	1.44	0.03226
1.26	1.48	0.0482679
1.26	1.52	0.0674763
1.26	1.56	0.0898851
1.26	1.6	0.115494
1.26	1.64	0.144304
1.26	1.68	0.176314
1.26	1.72	0.211524
1.26	1.76	0.249934
1.26	1.8	0.291545
1.26	1.84	0.336356
1.26	1.88	0.384367
1.26	1.92	0.435578
1.26	1.96	0.489989
1.26	2	0.5476
1.28	0	1.6384
1.28	0.04	1.53759
1.28	0.08	1.43997
1.28	0.12	1.34556
1.28	0.16	1.25435
1.28	0.2	1.16634
1.28	0.24	1.08152
1.28	0.28	0.999911
1.28	0.32	0.9215
1.28	0.36	0.846289
1.28	0.4	0.774279
1.28	0.44	0.705469
1.28	0.48	0.639859
1.28	0.52	0.577451
1.28	0.56	0.518243
1.28	0.6	0.462235
1.28	0.64	0.409428
1.28	0.68	0.359822
1.28	0.72	0.313417
1.28	0.76	0.270213
1.28	0.8	0.230209
1.28	0.84	0.193406
1.28	0.88	0.159804
1.28	0.92	0.129403
1.28	0.96	0.102202
1.28	1	0.0782021
1.28	1.04	0.0574031
1.28	1.08	0.0398049
1.28	1.12	0.0254074
1.28	1.16	0.0142106
1.28	1.2	0.00621458
1.28	1.24	0.00141926
1.28	1.28	-0.000175386
1.28	1.32	0.00143063
1.28	1.36	0.00623727
1.28	1.4	0.0142445
1.28	1.44	0.0254523
1.28	1.48	0.0398607
1.28	1.52	0.0574695
1.28	1.56	0.0782788
1.28	1.6	0.102289
1.28	1.64	0.129499
1.28	1.68	0.159909
1.28	1.72	0.19352
1.28	1.76	0.230331
1.28	1.8	0.270342
1.28	1.84	0.313554
1.28	1.88	0.359965
1.28	1.92	0.409577
1.28	1.96	0.462388
1.28	2	0.5184
1.3	0	1.69
1.3	0.04	1.58759
1.3	0.08	1.48837
1.3	0.12	1.39236
1.3	0.16	1.29955
1.3	0.2	1.20993
1.3	0.24	1.12352
1.3	0.28	1.04031
1.3	0.32	0.960295
1.3	0.36	0.883484
1.3	0.4	0.809873
1.3	0.44	0.739462
1.3	0.48	0.672253
1.3	0.52	0.608243
1.3	0.56	0.547435
1.3	0.6	0.489827
1.3	0.64	0.43542
1.3	0.68	0.384214
1.3	0.72	0.336208
1.3	0.76	0.291404
1.3	0.8	0.2498
1.3	0.84	0.211397
1.3	0.88	0.176194
1.3	0.92	0.144193
1.3	0.96	0.115392
1.3	1	0.0897926
1.3	1.04	0.0673937
1.3	1.08	0.0481955
1.3	1.12	0.0321981
1.3	1.16	0.0194015
1.3	1.2	0.0098057
1.3	1.24	0.0034106
1.3	1.28	0.000216211
1.3	1.32	0.000222513
1.3	1.36	0.00342947
1.3	1.4	0.00983706
1.3	1.44	0.0194452
1.3	1.48	0.032254
1.3	1.52	0.0482632
1.3	1.56	0.067473
1.3	1.6	0.0898832
1.3	1.64	0.115494
1.3	1.68	0.144305
1.3	1.72	0.176316
1.3	1.76	0.211528
1.3	1.8	0.249939
1.3	1.84	0.291551
1.3	1.88	0.336363
1.3	1.92	0.384376
1.3	1.96	0.435588
1.3	2	0.49
1.32	0	1.7424
1.32	0.04	1.63839
1.32	0.08	1.53757
1.32	0.12	1.43996
1.32	0.16	1.34554
1.32	0.2	1.25433
1.32	0.24	1.16632
1.32	0.28	1.0815
1.32	0.32	0.999891
1.32	0.36	0.921479
1.32	0.4	0.846268
1.32	0.44	0.774257
1.32	0.48	0.705447
1.32	0.52	0.639837
1.32	0.56	0.577428
1.32	0.6	0.51822
1.32	0.64	0.462213
1.32	0.68	0.409406
1.32	0.72	0.3598
1.32	0.76	0.313396
1.32	0.8	0.270192
1.32	0.84	0.230188
1.32	0.88	0.193386
1.32	0.92	0.159784
1.32	0.96	0.129384
1.32	1	0.102184
1.32	1.04	0.0781851
1.32	1.08	0.057387
1.32	1.12	0.0397897
1.32	1.16	0.0253933
1.32	1.2	0.0141976
1.32	1.24	0.00620272
1.32	1.28	0.00140857
1.32	1.32	-0.00018487
1.32	1.36	0.00142238
1.32	1.4	0.00623028
1.32	1.44	0.0142388
1.32	1.48	0.0254479
1.32	1.52	0.0398576
1.32	1.56	0.0574677
1.32	1.6	0.0782783
1.32	1.64	0.102289
1.32	1.68	0.129501
1.32	1.72	0.159913
1.32	1.76	0.193525
1.32	1.8	0.230337
1.32	1.84	0.270349
1.32	1.88	0.313562
1.32	1.92	0.359975
1.32	1.96	0.409587
1.32	2	0.4624
1.34	0	1.7956
1.34	0.04	1.68999
1.34	0.08	1.58757
1.34	0.12	1.48836
1.34	0.16	1.39234
1.34	0.2	1.29953
1.34	0.24	1.20991
1.34	0.28	1.1235
1.34	0.32	1.04029
1.34	0.36	0.960275
1.34	0.4	0.883463
1.34	0.44	0.809852
1.34	0.48	0.739441
1.34	0.52	0.672231
1.34	0.56	0.608222
1.34	0.6	0.547414
1.34	0.64	0.489806
1.34	0.68	0.435399
1.34	0.72	0.384193
1.34	0.76	0.336188
1.34	0.8	0.291384
1.34	0.84	0.249781
1.34	0.88	0.211378
1.34	0.92	0.176177
1.34	0.96	0.144176
1.34	1	0.115376
1.34	1.04	0.0897774
1.34	1.08	0.0673794
1.34	1.12	0.0481822
1.34	1.16	0.0321859
1.34	1.2	0.0193904
1.34	1.24	0.00979565
1.34	1.28	0.00340171
1.34	1.32	0.000208505
1.34	1.36	0.000216014
1.34	1.4	0.0034242
1.34	1.44	0.00983303
1.34	1.48	0.0194425
1.34	1.52	0.0322525
1.34	1.56	0.048263
1.34	1.6	0.067474
1.34	1.64	0.0898854
1.34	1.68	0.115497
1.34	1.72	0.144309
1.34	1.76	0.176322
1.34	1.8	0.211535
1.34	1.84	0.249947
1.34	1.88	0.29156
1.34	1.92	0.336374
1.34	1.96	0.384387
1.34	2	0.4356
1.36	0	1.8496
1.36	0.04	1.74238
1.36	0.08	1.63837
1.36	0.12	1.53755
1.36	0.16	1.43994
1.36	0.2	1.34552
1.36	0.24	1.25431
1.36	0.28	1.1663
1.36	0.32	1.08148
1.36	0.36	0.999871
1.36	0.4	0.921459
1.36	0.44	0.846247
1.36	0.48	0.774236
1.36	0.52	0.705426
1.36	0.56	0.639817
1.36	0.6	0.577408
1.36	0.64	0.5182
1.36	0.68	0.462193
1.36	0.72	0.409387
1.36	0.76	0.359782
1.36	0.8	0.313377
1.36	0.84	0.270174
1.36	0.88	0.230172
1.36	0.92	0.19337
1.36	0.96	0.159769
1.36	1	0.129369
1.36	1.04	0.102171
1.36	1.08	0.0781726
1.36	1.12	0.0573756
1.36	1.16	0.0397793
1.36	1.2	0.025384
1.36	1.24	0.0141894
1.36	1.28	0.00619565
1.36	1.32	0.00140266
1.36	1.36	-0.000189601
1.36	1.4	0.00141884
1.36	1.44	0.00622793
1.36	1.48	0.0142377
1.36	1.52	0.025448
1.36	1.56	0.0398588
1.36	1.6	0.0574701
1.36	1.64	0.0782819
1.36	1.68	0.102294
1.36	1.72	0.129507
1.36	1.76	0.159919
1.36	1.8	0.193533
1.36	1.84	0.230346
1.36	1.88	0.270359
1.36	1.92	0.313573
1.36	1.96	0.359986
1.36	2	0.4096
1.38	0	1.9044
1.38	0.04	1.79558
1.38	0.08	1.68997
1.38	0.12	1.58755
1.38	0.16	1.48834
1.38	0.2	1.39232
1.38	0.24	1.29951
1.38	0.28	1.20989
1.38	0.32	1.12348
1.38	0.36	1.04027
1.38	0.4	0.960255
1.38	0.44	0.883443
1.38	0.48	0.809832
1.38	0.52	0.739422
1.38	0.56	0.672212
1.38	0.6	0.608203
1.38	0.64	0.547395
1.38	0.68	0.489788
1.38	0.72	0.435382
1.38	0.76	0.384176
1.38	0.8	0.336172
1.38	0.84	0.291368
1.38	0.88	0.249766
1.38	0.92	0.211364
1.38	0.96	0.176163
1.38	1	0.144164
1.38	1.04	0.115365
1.38	1.08	0.0897668
1.38	1.12	0.0673698
1.38	1.16	0.0481737
1.38	1.2	0.0321784
1.38	1.24	0.019384
1.38	1.28	0.00979043
1.38	1.32	0.00339762
1.38	1.36	0.000205554
1.38	1.4	0.000214205
1.38	1.44	0.00342353
1.38	1.48	0.0098335
1.38	1.52	0.0194441
1.38	1.56	0.0322552
1.38	1.6	0.0482668
1.38	1.64	0.0674789
1.38	1.68	0.0898914
1.38	1.72	0.115504
1.38	1.76	0.144317
1.38	1.8	0.176331
1.38	1.84	0.211544
1.38	1.88	0.249958
1.38	1.92	0.291572
1.38	1.96	0.336386
1.38	2	0.3844
1.4	0	1.96
1.4	0.04	1.84958
1.4	0.08	1.74237
1.4	0.12	1.63835
1.4	0.16	1.53754
1.4	0.2	1.43992
1.4	0.24	1.34551
1.4	0.28	1.25429
1.4	0.32	1.16628
1.4	0.36	1.08146
1.4	0.4	0.999852
1.4	0.44	0.92144
1.4	0.48	0.846228
1.4	0.52	0.774218
1.4	0.56	0.705408
1.4	0.6	0.639799
1.4	0.64	0.577391
1.4	0.68	0.518183
1.4	0.72	0.462177
1.4	0.76	0.409372
1.4	0.8	0.359767
1.4	0.84	0.313363
1.4	0.88	0.270161
1.4	0.92	0.230159
1.4	0.96	0.193358
1.4	1	0.159759
1.4	1.04	0.12936
1.4	1.08	0.102162
1.4	1.12	0.078165
1.4	1.16	0.057369
1.4	1.2	0.0397738
1.4	1.24	0.0253795
1.4	1.28	0.0141861
1.4	1.32	0.00619339
1.4	1.36	0.00140149
1.4	1.4	-0.000189674
1.4	1.44	0.00141985
1.4	1.48	0.00623002
1.4	1.52	0.0142408
1.4	1.56	0.0254522
1.4	1.6	0.039864
1.4	1.64	0.0574763
1.4	1.68	0.0782891
1.4	1.72	0.102302
1.4	1.76	0.129516
1.4	1.8	0.159929
1.4	1.84	0.193543
1.4	1.88	0.230357
1.4	1.92	0.270372
1.4	1.96	0.313586
1.4	2	0.36
1.42	0	2.0164
1.42	0.04	1.90438
1.42	0.08	1.79557
1.42	0.12	1.68995
1.42	0.16	1.58754
1.42	0.2	1.48832
1.42	0.24	1.3923
1.42	0.28	1.29949
1.42	0.32	1.20988
1.42	0.36	1.12346
1.42	0.4	1.04025
1.42	0.44	0.960237
1.42	0.48	0.883426
1.42	0.52	0.809815
1.42	0.56	0.739405
1.42	0.6	0.672196
1.42	0.64	0.608187
1.42	0.68	0.54738
1.42	0.72	0.489773
1.42	0.76	0.435368
1.42	0.8	0.384163
1.42	0.84	0.33616
1.42	0.88	0.291357
1.42	0.92	0.249755
1.42	0.96	0.211354
1.42	1	0.176155
1.42	1.04	0.144156
1.42	1.08	0.115358
1.42	1.12	0.0897612
1.42	1.16	0.0673652
1.42	1.2	0.0481701
1.42	1.24	0.0321759
1.42	1.28	0.0193825
1.42	1.32	0.00979
1.42	1.36	0.00339823
1.42	1.4	0.000207209
1.42	1.44	0.000216889
1.42	1.48	0.00342723
1.42	1.52	0.00983819
1.42	1.56	0.0194497
1.42	1.6	0.0322618
1.42	1.64	0.0482743
1.42	1.68	0.0674873
1.42	1.72	0.0899006
1.42	1.76	0.115514
1.42	1.8	0.144328
1.42	1.84	0.176342
1.42	1.88	0.211557
1.42	1.92	0.249971
1.42	1.96	0.291586
1.42	2	0.3364
1.44	0	2.0736
1.44	0.04	1.95998
1.44	0.08	1.84957
1.44	0.12	1.74235
1.44	0.16	1.63833
1.44	0.2	1.53752
1.44	0.24	1.4399
1.44	0.28	1.34549
1.44	0.32	1.25427
1.44	0.36	1.16626
1.44	0.4	1.08145
1.44	0.44	0.999835
1.44	0.48	0.921424
1.44	0.52	0.846213
1.44	0.56	0.774202
1.44	0.6	0.705393
1.44	0.64	0.639785
1.44	0.68	0.577377
1.44	0.72	0.518171
1.44	0.76	0.462165
1.44	0.8	0.40936
1.44	0.84	0.359757
1.44	0.88	0.313354
1.44	0.92	0.270152
1.44	0.96	0.230151
1.44	1	0.193352
1.44	1.04	0.159753
1.44	1.08	0.129355
1.44	1.12	0.102158
1.44	1.16	0.0781623
1.44	1.2	0.0573673
1.44	1.24	0.0397732
1.44	1.28	0.0253799
1.44	1.32	0.0141874
1.44	1.36	0.00619578
1.44	1.4	0.00140487
1.44	1.44	-0.000185337
1.44	1.48	0.00142513
1.44	1.52	0.00623622
1.44	1.56	0.0142479
1.44	1.6	0.0254601
1.44	1.64	0.0398728
1.44	1.68	0.0574859
1.44	1.72	0.0782994
1.44	1.76	0.102313
1.44	1.8	0.129527
1.44	1.84	0.159942
1.44	1.88	0.193556
1.44	1.92	0.230371
1.44	1.96	0.270385
1.44	2	0.3136
1.46	0	2.1316
1.46	0.04	2.01638
1.46	0.08	1.90437
1.46	0.12	1.79555
1.46	0.16	1.68993
1.46	0.2	1.58752
1.46	0.24	1.4883
1.46	0.28	1.39229
1.46	0.32	1.29947
1.46	0.36	1.20986
1.46	0.4	1.12345
1.46	0.44	1.04023
1.46	0.48	0.960222
1.46	0.52	0.883411
1.46	0.56	0.809801
1.46	0.6	0.739392
1.46	0.64	0.672183
1.46	0.68	0.608175
1.46	0.72	0.547369
1.46	0.76	0.489763
1.46	0.8	0.435358
1.46	0.84	0.384155
1.46	0.88	0.336152
1.46	0.92	0.29135
1.46	0.96	0.249749
1.46	1	0.21135
1.46	1.04	0.176151
1.46	1.08	0.144153
1.46	1.12	0.115356
1.46	1.16	0.0897604
1.46	1.2	0.0673654
1.46	1.24	0.0481714
1.46	1.28	0.0321781
1.46	1.32	0.0193857
1.46	1.36	0.00979414
1.46	1.4	0.0034033
1.46	1.44	0.000213176
1.46	1.48	0.000223727
1.46	1.52	0.00343491
1.46	1.56	0.00984668
1.46	1.6	0.019459
1.46	1.64	0.0322718
1.46	1.68	0.048285
1.46	1.72	0.0674986
1.46	1.76	0.0899125
1.46	1.8	0.115527
1.46	1.84	0.144341
1.46	1.88	0.176356
1.46	1.92	0.21157
1.46	1.96	0.249985
1.46	2	0.2916
1.48	0	2.1904
1.48	0.04	2.07358
1.48	0.08	1.95997
1.48	0.12	1.84955
1.48	0.16	1.74233
1.48	0.2	1.63832
1.48	0.24	1.5375
1.48	0.28	1.43989
1.48	0.32	1.34547
1.48	0.36	1.25426
1.48	0.4	1.16625
1.48	0.44	1.08143
1.48	0.48	0.999821
1.48	0.52	0.92141
1.48	0.56	0.8462
1.48	0.6	0.774191
1.48	0.64	0.705382
1.48	0.68	0.639775
1.48	0.72	0.577368
1.48	0.76	0.518162
1.48	0.8	0.462157
1.48	0.84	0.409354
1.48	0.88	0.359751
1.48	0.92	0.313349
1.48	0.96	0.270148
1.48	1	0.230149
1.48	1.04	0.19335
1.48	1.08	0.159752
1.48	1.12	0.129355
1.48	1.16	0.102159
1.48	1.2	0.0781645
1.48	1.24	0.0573704
1.48	1.28	0.0397773
1.48	1.32	0.0253849
1.48	1.36	0.0141933
1.48	1.4	0.00620252
1.48	1.44	0.00141243
1.48	1.48	-0.000176976
1.48	1.52	0.00143425
1.48	1.56	0.00624606
1.48	1.6	0.0142584
1.48	1.64	0.0254713
1.48	1.68	0.0398845
1.48	1.72	0.0574982
1.48	1.76	0.0783122
1.48	1.8	0.102326
1.48	1.84	0.129541
1.48	1.88	0.159956
1.48	1.92	0.19357
1.48	1.96	0.230385
1.48	2	0.2704
1.5	0	2.25
1.5	0.04	2.13158
1.5	0.08	2.01637
1.5	0.12	1.90435
1.5	0.16	1.79553
1.5	0.2	1.68992
1.5	0.24	1.5875
1.5	0.28	1.48829
1.5	0.32	1.39227
1.5	0.36	1.29946
1.5	0.4	1.20985
1.5	0.44	1.12343
1.5	0.48	1.04022
1.5	0.52	0.96021
1.5	0.56	0.8834
1.5	0.6	0.809791
1.5	0.64	0.739382
1.5	0.68	0.672175
1.5	0.72	0.608168
1.5	0.76	0.547362
1.5	0.8	0.489757
1.5	0.84	0.435354
1.5	0.88	0.384151
1.5	0.92	0.336149
1.5	0.96	0.291348
1.5	1	0.249749
1.5	1.04	0.21135
1.5	1.08	0.176152
1.5	1.12	0.144155
1.5	1.16	0.115359
1.5	1.2	0.0897645
1.5	1.24	0.0673704
1.5	1.28	0.0481772
1.5	1.32	0.0321849
1.5	1.36	0.0193933
1.5	1.4	0.00980251
1.5	1.44	0.00341243
1.5	1.48	0.000223022
1.5	1.52	0.000234249
1.5	1.56	0.00344606
1.5	1.6	0.00985841
1.5	1.64	0.0194713
1.5	1.68	0.0322845
1.5	1.72	0.0482982
1.5	1.76	0.0675122
1.5	1.8	0.0899265
1.5	1.84	0.115541
1.5	1.88	0.144356
1.5	1.92	0.17637
1.5	1.96	0.211585
1.5	2	0.25
1.52	0	2.3104
1.52	0.04	2.19038
1.52	0.08	2.07357
1.52	0.12	1.95995
1.52	0.16	1.84953
1.52	0.2	1.74232
1.52	0.24	1.6383
1.52	0.28	1.53749
1.52	0.32	1.43987
1.52	0.36	1.34546
1.52	0.4	1.25425
1.52	0.44	1.16623
1.52	0.48	1.08142
1.52	0.52	0.999811
1.52	0.56	0.921401
1.52	0.6	0.846192
1.52	0.64	0.774183
1.52	0.68	0.705375
1.52	0.72	0.639769
1.52	0.76	0.577363
1.52	0.8	0.518158
1.52	0.84	0.462155
1.52	0.88	0.409352
1.52	0.92	0.35975
1.52	0.96	0.313349
1.52	1	0.27015
1.52	1.04	0.230151
1.52	1.08	0.193353
1.52	1.12	0.159756
1.52	1.16	0.12936
1.52	1.2	0.102165
1.52	1.24	0.0781714
1.52	1.28	0.0573781
1.52	1.32	0.0397857
1.52	1.36	0.0253941
1.52	1.4	0.0142033
1.52	1.44	0.00621317
1.52	1.48	0.00142372
1.52	1.52	-0.0001651
1.52	1.56	0.00144667
1.52	1.6	0.00625897
1.52	1.64	0.0142718
1.52	1.68	0.025485
1.52	1.72	0.0398986
1.52	1.76	0.0575125
1.52	1.8	0.0783267
1.52	1.84	0.102341
1.52	1.88	0.129556
1.52	1.92	0.15997
1.52	1.96	0.193585
1.52	2	0.2304
1.54	0	2.3716
1.54	0.04	2.24998
1.54	0.08	2.13157
1.54	0.12	2.01635
1.54	0.16	1.90433
1.54	0.2	1.79552
1.54	0.24	1.6899
1.54	0.28	1.58749
1.54	0.32	1.48827
1.54	0.36	1.39226
1.54	0.4	1.29945
1.54	0.44	1.20984
1.54	0.48	1.12342
1.54	0.52	1.04021
1.54	0.56	0.960202
1.54	0.6	0.883393
1.54	0.64	0.809785
1.54	0.68	0.739377
1.54	0.72	0.672171
1.54	0.76	0.608165
1.54	0.8	0.54736
1.54	0.84	0.489757
1.54	0.88	0.435354
1.54	0.92	0.384152
1.54	0.96	0.336151
1.54	1	0.291352
1.54	1.04	0.249753
1.54	1.08	0.211355
1.54	1.12	0.176158
1.54	1.16	0.144162
1.54	1.2	0.115367
1.54	1.24	0.0897732
1.54	1.28	0.0673799
1.54	1.32	0.0481874
1.54	1.36	0.0321958
1.54	1.4	0.0194048
1.54	1.44	0.00981464
1.54	1.48	0.00342511
1.54	1.52	0.000236199
1.54	1.56	0.000247873
1.54	1.6	0.00346008
1.54	1.64	0.00987277
1.54	1.68	0.0194859
1.54	1.72	0.0322994
1.54	1.76	0.0483132
1.54	1.8	0.0675273
1.54	1.84	0.0899416
1.54	1.88	0.115556
1.54	1.92	0.144371
1.54	1.96	0.176385
1.54	2	0.2116
1.56	0	2.4336
1.56	0.04	2.31038
1.56	0.08	2.19037
1.56	0.12	2.07355
1.56	0.16	1.95994
1.56	0.2	1.84952
1.56	0.24	1.7423
1.56	0.28	1.63829
1.56	0.32	1.53748
1.56	0.36	1.43986
1.56	0.4	1.34545
1.56	0.44	1.25424
1.56	0.48	1.16623
1.56	0.52	1.08141
1.56	0.56	0.999805
1.56	0.6	0.921396
1.56	0.64	0.846187
1.56	0.68	0.77418
1.56	0.72	0.705373
1.56	0.76	0.639768
1.56	0.8	0.577363
1.56	0.84	0.518159
1.56	0.88	0.462157
1.56	0.92	0.409355
1.56	0.96	0.359754
1.56	1	0.313355
1.56	1.04	0.270156
1.56	1.08	0.230158
1.56	1.12	0.193361
1.56	1.16	0.159765
1.56	1.2	0.12937
1.56	1.24	0.102176
1.56	1.28	0.0781825
1.56	1.32	0.0573899
1.56	1.36	0.0397982
1.56	1.4	0.0254072
1.56	1.44	0.0142168
1.56	1.48	0.00622718
1.56	1.52	0.00143814
1.56	1.56	-0.000150325
1.56	1.6	0.00146174
1.56	1.64	0.00627428
1.56	1.68	0.0142872
1.56	1.72	0.0255006
1.56	1.76	0.0399142
1.56	1.8	0.0575282
1.56	1.84	0.0783423
1.56	1.88	0.102357
1.56	1.92	0.129571
1.56	1.96	0.159986
1.56	2	0.1936
1.58	0	2.4964
1.58	0.04	2.37158
1.58	0.08	2.24997
1.58	0.12	2.13155
1.58	0.16	2.01634
1.58	0.2	1.90432
1.58	0.24	1.79551
1.58	0.28	1.68989
1.58	0.32	1.58748
1.58	0.36	1.48826
1.58	0.4	1.39225
1.58	0.44	1.29944
1.58	0.48	1.20983
1.58	0.52	1.12342
1.58	0.56	1.04021
1.58	0.6	0.960199
1.58	0.64	0.883391
1.58	0.68	0.809783
1.58	0.72	0.739377
1.58	0.76	0.672171
1.58	0.8	0.608167
1.58	0.84	0.547363
1.58	0.88	0.489761
1.58	0.92	0.435359
1.58	0.96	0.384158
1.58	1	0.336159
1.58	1.04	0.29136
1.58	1.08	0.249762
1.58	1.12	0.211365
1.58	1.16	0.176169
1.58	1.2	0.144174
1.58	1.24	0.115379
1.58	1.28	0.0897859
1.58	1.32	0.0673933
1.58	1.36	0.0482014
1.58	1.4	0.0322102
1.58	1.44	0.0194197
1.58	1.48	0.00982992
1.58	1.52	0.00344071
1.58	1.56	0.000252063
1.58	1.6	0.000263933
1.58	1.64	0.00347627
1.58	1.68	0.00988903
1.58	1.72	0.0195022
1.58	1.76	0.0323156
1.58	1.8	0.0483293
1.58	1.84	0.0675432
1.58	1.88	0.0899573
1.58	1.92	0.115572
1.58	1.96	0.144386
1.58	2	0.1764
1.6	0	2.56
1.6	0.04	2.43358
1.6	0.08	2.31037
1.6	0.12	2.19035
1.6	0.16	2.07354
1.6	0.2	1.95992
1.6	0.24	1.84951
1.6	0.28	1.74229
1.6	0.32	1.63828
1.6	0.36	1.53747
1.6	0.4	1.43985
1.6	0.44	1.34544
1.6	0.48	1.25423
1.6	0.52	1.16622
1.6	0.56	1.08141
1.6	0.6	0.999803
1.6	0.64	0.921395
1.6	0.68	0.846188
1.6	0.72	0.774181
1.6	0.76	0.705376
1.6	0.8	0.639772
1.6	0.84	0.577368
1.6	0.88	0.518165
1.6	0.92	0.462164
1.6	0.96	0.409363
1.6	1	0.359763
1.6	1.04	0.313365
1.6	1.08	0.270167
1.6	1.12	0.23017
1.6	1.16	0.193373
1.6	1.2	0.159778
1.6	1.24	0.129384
1.6	1.28	0.10219
1.6	1.32	0.0781974
1.6	1.36	0.0574054
1.6	1.4	0.039814
1.6	1.44	0.0254234
1.6	1.48	0.0142333
1.6	1.52	0.0062439
1.6	1.56	0.00145502
1.6	1.6	-0.000133343
1.6	1.64	0.00147875
1.6	1.68	0.00629125
1.6	1.72	0.0143041
1.6	1.76	0.0255173
1.6	1.8	0.0399307
1.6	1.84	0.0575444
1.6	1.88	0.0783582
1.6	1.92	0.102372
1.6	1.96	0.129586
1.6	2	0.16
1.62	0	2.6244
1.62	0.04	2.49638
1.62	0.08	2.37157
1.62	0.12	2.24995
1.62	0.16	2.13154
1.62	0.2	2.01632
1.62	0.24	1.90431
1.62	0.28	1.7955
1.62	0.32	1.68988
1.62	0.36	1.58747
1.62	0.4	1.48826
1.62	0.44	1.39225
1.62	0.48	1.29944
1.62	0.52	1.20983
1.62	0.56	1.12342
1.62	0.6	1.04021
1.62	0.64	0.9602
1.62	0.68	0.883393
1.62	0.72	0.809787
1.62	0.76	0.739381
1.62	0.8	0.672177
1.62	0.84	0.608174
1.62	0.88	0.547371
1.62	0.92	0.48977
1.62	0.96	0.435369
1.62	1	0.384169
1.62	1.04	0.33617
1.62	1.08	0.291372
1.62	1.12	0.249775
1.62	1.16	0.211379
1.62	1.2	0.176184
1.62	1.24	0.144189
1.62	1.28	0.115395
1.62	1.32	0.0898023
1.62	1.36	0.0674101
1.62	1.4	0.0482185
1.62	1.44	0.0322276
1.62	1.48	0.0194374
1.62	1.52	0.00984769
1.62	1.56	0.00345855
1.62	1.6	0.000269895
1.62	1.64	0.000281694
1.62	1.68	0.00349389
1.62	1.72	0.00990645
1.62	1.76	0.0195193
1.62	1.8	0.0323324
1.62	1.84	0.0483457
1.62	1.88	0.0675592
1.62	1.92	0.0899728
1.62	1.96	0.115586
1.62	2	0.1444
1.64	0	2.6896
1.64	0.04	2.55998
1.64	0.08	2.43357
1.64	0.12	2.31036
1.64	0.16	2.19034
1.64	0.2	2.07353
1.64	0.24	1.95991
1.64	0.28	1.8495
1.64	0.32	1.74229
1.64	0.36	1.63827
1.64	0.4	1.53746
1.64	0.44	1.43985
1.64	0.48	1.34544
1.64	0.52	1.25423
1.64	0.56	1.16622
1.64	0.6	1.08141
1.64	0.64	0.999806
1.64	0.68	0.921399
1.64	0.72	0.846193
1.64	0.76	0.774188
1.64	0.8	0.705384
1.64	0.84	0.63978
1.64	0.88	0.577378
1.64	0.92	0.518176
1.64	0.96	0.462176
1.64	1	0.409376
1.64	1.04	0.359777
1.64	1.08	0.313379
1.64	1.12	0.270182
1.64	1.16	0.230185
1.64	1.2	0.19339
1.64	1.24	0.159795
1.64	1.28	0.129401
1.64	1.32	0.102208
1.64	1.36	0.0782155
1.64	1.4	0.0574237
1.64	1.44	0.0398326
1.64	1.48	0.0254421
1.64	1.52	0.0142521
1.64	1.56	0.00626261
1.64	1.6	0.00147363
1.64	1.64	-0.000114906
1.64	1.68	0.00149694
1.64	1.72	0.00630914
1.64	1.76	0.0143216
1.64	1.8	0.0255344
1.64	1.84	0.0399473
1.64	1.88	0.0575604
1.64	1.92	0.0783735
1.64	1.96	0.102387
1.64	2	0.1296
1.66	0	2.7556
1.66	0.04	2.62439
1.66	0.08	2.49637
1.66	0.12	2.37156
1.66	0.16	2.24994
1.66	0.2	2.13153
1.66	0.24	2.01632
1.66	0.28	1.9043
1.66	0.32	1.79549
1.66	0.36	1.68988
1.66	0.4	1.58747
1.66	0.44	1.48826
1.66	0.48	1.39225
1.66	0.52	1.29944
1.66	0.56	1.20983
1.66	0.6	1.12342
1.66	0.64	1.04021
1.66	0.68	0.960206
1.66	0.72	0.8834
1.66	0.76	0.809795
1.66	0.8	0.739391
1.66	0.84	0.672188
1.66	0.88	0.608185
1.66	0.92	0.547384
1.66	0.96	0.489783
1.66	1	0.435383
1.66	1.04	0.384184
1.66	1.08	0.336186
1.66	1.12	0.291389
1.66	1.16	0.249793
1.66	1.2	0.211397
1.66	1.24	0.176202
1.66	1.28	0.144208
1.66	1.32	0.115414
1.66	1.36	0.0898217
1.66	1.4	0.0674296
1.66	1.44	0.0482382
1.66	1.48	0.0322473
1.66	1.52	0.019457
1.66	1.56	0.0098672
1.66	1.6	0.00347786
1.66	1.64	0.000288934
1.66	1.68	0.000300387
1.66	1.72	0.00351217
1.66	1.76	0.00992424
1.66	1.8	0.0195366
1.66	1.84	0.0323491
1.66	1.88	0.0483617
1.66	1.92	0.0675744
1.66	1.96	0.0899872
1.66	2	0.1156
1.68	0	2.8224
1.68	0.04	2.68959
1.68	0.08	2.55997
1.68	0.12	2.43356
1.68	0.16	2.31035
1.68	0.2	2.19033
1.68	0.24	2.07352
1.68	0.28	1.95991
1.68	0.32	1.84949
1.68	0.36	1.74228
1.68	0.4	1.63827
1.68	0.44	1.53746
1.68	0.48	1.43985
1.68	0.52	1.34544
1.68	0.56	1.25423
1.68	0.6	1.16623
1.68	0.64	1.08142
1.68	0.68	0.999813
1.68	0.72	0.921407
1.68	0.76	0.846203
1.68	0.8	0.774199
1.68	0.84	0.705396
1.68	0.88	0.639793
1.68	0.92	0.577392
1.68	0.96	0.518191
1.68	1	0.462192
1.68	1.04	0.409393
1.68	1.08	0.359794
1.68	1.12	0.313397
1.68	1.16	0.2702
1.68	1.2	0.230205
1.68	1.24	0.19341
1.68	1.28	0.159815
1.68	1.32	0.129422
1.68	1.36	0.102229
1.68	1.4	0.0782362
1.68	1.44	0.0574444
1.68	1.48	0.0398532
1.68	1.52	0.0254625
1.68	1.56	0.0142723
1.68	1.6	0.00628255
1.68	1.64	0.0014932
1.68	1.68	-9.579e-05
1.68	1.72	0.00151554
1.68	1.76	0.00632715
1.68	1.8	0.014339
1.68	1.84	0.025551
1.68	1.88	0.0399632
1.68	1.92	0.0575754
1.68	1.96	0.0783877
1.68	2	0.1024
1.7	0	2.89
1.7	0.04	2.75559
1.7	0.08	2.62437
1.7	0.12	2.49636
1.7	0.16	2.37155
1.7	0.2	2.24993
1.7	0.24	2.13152
1.7	0.28	2.01631
1.7	0.32	1.9043
1.7	0.36	1.79549
1.7	0.4	1.68988
1.7	0.44	1.58747
1.7	0.48	1.48826
1.7	0.52	1.39225
1.7	0.56	1.29944
1.7	0.6	1.20983
1.7	0.64	1.12343
1.7	0.68	1.04022
1.7	0.72	0.960216
1.7	0.76	0.883411
1.7	0.8	0.809808
1.7	0.84	0.739405
1.7	0.88	0.672202
1.7	0.92	0.608201
1.7	0.96	0.5474
1.7	1	0.489801
1.7	1.04	0.435402
1.7	1.08	0.384203
1.7	1.12	0.336206
1.7	1.16	0.291409
1.7	1.2	0.249813
1.7	1.24	0.211418
1.7	1.28	0.176223
1.7	1.32	0.144229
1.7	1.36	0.115436
1.7	1.4	0.0898433
1.7	1.44	0.0674512
1.7	1.48	0.0482596
1.7	1.52	0.0322685
1.7	1.56	0.0194779
1.7	1.6	0.00988768
1.7	1.64	0.00349786
1.7	1.68	0.000308396
1.7	1.72	0.000319233
1.7	1.76	0.00353033
1.7	1.8	0.00994165
1.7	1.84	0.0195531
1.7	1.88	0.0323648
1.7	1.92	0.0483765
1.7	1.96	0.0675882
1.7	2	0.09
1.72	0	2.9584
1.72	0.04	2.82239
1.72	0.08	2.68957
1.72	0.12	2.55996
1.72	0.16	2.43355
1.72	0.2	2.31034
1.72	0.24	2.19033
1.72	0.28	2.07352
1.72	0.32	1.9599
1.72	0.36	1.84949
1.72	0.4	1.74228
1.72	0.44	1.63827
1.72	0.48	1.53747
1.72	0.52	1.43986
1.72	0.56	1.34545
1.72	0.6	1.25424
1.72	0.64	1.16624
1.72	0.68	1.08143
1.72	0.72	0.999825
1.72	0.76	0.921421
1.72	0.8	0.846217
1.72	0.84	0.774214
1.72	0.88	0.705412
1.72	0.92	0.639811
1.72	0.96	0.57741
1.72	1	0.518211
1.72	1.04	0.462211
1.72	1.08	0.409413
1.72	1.12	0.359816
1.72	1.16	0.313419
1.72	1.2	0.270222
1.72	1.24	0.230227
1.72	1.28	0.193432
1.72	1.32	0.159838
1.72	1.36	0.129444
1.72	1.4	0.102251
1.72	1.44	0.0782586
1.72	1.48	0.0574665
1.72	1.52	0.039875
1.72	1.56	0.0254839
1.72	1.6	0.0142932
1.72	1.64	0.00630291
1.72	1.68	0.00151293
1.72	1.72	-7.67722e-05
1.72	1.76	0.00153378
1.72	1.8	0.00634454
1.72	1.84	0.0143555
1.72	1.88	0.0255665
1.72	1.92	0.0399777
1.72	1.96	0.0575888
1.72	2	0.0784
1.74	0	3.0276
1.74	0.04	2.88999
1.74	0.08	2.75558
1.74	0.12	2.62436
1.74	0.16	2.49635
1.74	0.2	2.37154
1.74	0.24	2.24993
1.74	0.28	2.13152
1.74	0.32	2.01631
1.74	0.36	1.9043
1.74	0.4	1.79549
1.74	0.44	1.68988
1.74	0.48	1.58747
1.74	0.52	1.48827
1.74	0.56	1.39226
1.74	0.6	1.29945
1.74	0.64	1.20984
1.74	0.68	1.12344
1.74	0.72	1.04023
1.74	0.76	0.960231
1.74	0.8	0.883427
1.74	0.84	0.809825
1.74	0.88	0.739423
1.74	0.92	0.672221
1.74	0.96	0.608221
1.74	1	0.547421
1.74	1.04	0.489822
1.74	1.08	0.435424
1.74	1.12	0.384226
1.74	1.16	0.336229
1.74	1.2	0.291432
1.74	1.24	0.249837
1.74	1.28	0.211441
1.74	1.32	0.176247
1.74	1.36	0.144253
1.74	1.4	0.115459
1.74	1.44	0.0898665
1.74	1.48	0.067474
1.74	1.52	0.048282
1.74	1.56	0.0322904
1.74	1.6	0.0194992
1.74	1.64	0.00990833
1.74	1.68	0.00351778
1.74	1.72	0.000327509
1.74	1.76	0.000337472
1.74	1.8	0.00354763
1.74	1.84	0.00995795
1.74	1.88	0.0195684
1.74	1.92	0.0323789
1.74	1.96	0.0483894
1.74	2	0.0676
1.76	0	3.0976
1.76	0.04	2.95839
1.76	0.08	2.82238
1.76	0.12	2.68957
1.76	0.16	2.55996
1.76	0.2	2.43355
1.76	0.24	2.31033
1.76	0.28	2.19032
1.76	0.32	2.07352
1.76	0.36	1.95991
1.76	0.4	1.8495
1.76	0.44	1.74229
1.76	0.48	1.63828
1.76	0.52	1.53747
1.76	0.56	1.43987
1.76	0.6	1.34546
1.76	0.64	1.25425
1.76	0.68	1.16625
1.76	0.72	1.08145
1.76	0.76	0.999841
1.76	0.8	0.921438
1.76	0.84	0.846236
1.76	0.88	0.774234
1.76	0.92	0.705433
1.76	0.96	0.639832
1.76	1	0.577432
1.76	1.04	0.518233
1.76	1.08	0.462235
1.76	1.12	0.409437
1.76	1.16	0.35984
1.76	1.2	0.313443
1.76	1.24	0.270247
1.76	1.28	0.230251
1.76	1.32	0.193456
1.76	1.36	0.159862
1.76	1.4	0.129468
1.76	1.44	0.102275
1.76	1.48	0.0782819
1.76	1.52	0.0574894
1.76	1.56	0.0398973
1.76	1.6	0.0255055
1.76	1.64	0.0143141
1.76	1.68	0.00632294
1.76	1.72	0.00153206
1.76	1.76	-5.86028e-05
1.76	1.8	0.00155092
1.76	1.84	0.00636059
1.76	1.88	0.0143704
1.76	1.92	0.0255802
1.76	1.96	0.0399901
1.76	2	0.0576
1.78	0	3.1684
1.78	0.04	3.02759
1.78	0.08	2.88998
1.78	0.12	2.75557
1.78	0.16	2.62436
1.78	0.2	2.49635
1.78	0.24	2.37154
1.78	0.28	2.24993
1.78	0.32	2.13152
1.78	0.36	2.01631
1.78	0.4	1.9043
1.78	0.44	1.7955
1.78	0.48	1.68989
1.78	0.52	1.58748
1.78	0.56	1.48828
1.78	0.6	1.39227
1.78	0.64	1.29946
1.78	0.68	1.20986
1.78	0.72	1.12346
1.78	0.76	1.04025
1.78	0.8	0.96025
1.78	0.84	0.883447
1.78	0.88	0.809846
1.78	0.92	0.739445
1.78	0.96	0.672244
1.78	1	0.608244
1.78	1.04	0.547445
1.78	1.08	0.489846
1.78	1.12	0.435448
1.78	1.16	0.384251
1.78	1.2	0.336254
1.78	1.24	0.291458
1.78	1.28	0.249862
1.78	1.32	0.211467
1.78	1.36	0.176272
1.78	1.4	0.144278
1.78	1.44	0.115484
1.78	1.48	0.0898902
1.78	1.52	0.0674972
1.78	1.56	0.0483045
1.78	1.6	0.0323122
1.78	1.64	0.0195202
1.78	1.68	0.00992839
1.78	1.72	0.00353686
1.78	1.76	0.000345538
1.78	1.8	0.000354387
1.78	1.84	0.00356337
1.78	1.88	0.00997246
1.78	1.92	0.0195816
1.78	1.96	0.0323908
1.78	2	0.0484
1.8	0	3.24
1.8	0.04	3.09759
1.8	0.08	2.95838
1.8	0.12	2.82237
1.8	0.16	2.68956
1.8	0.2	2.55995
1.8	0.24	2.43354
1.8	0.28	2.31034
1.8	0.32	2.19033
1.8	0.36	2.07352
1.8	0.4	1.95991
1.8	0.44	1.8495
1.8	0.48	1.7423
1.8	0.52	1.63829
1.8	0.56	1.53749
1.8	0.6	1.43988
1.8	0.64	1.34548
1.8	0.68	1.25427
1.8	0.72	1.16627
1.8	0.76	1.08146
1.8	0.8	0.999862
1.8	0.84	0.921459
1.8	0.88	0.846258
1.8	0.92	0.774257
1.8	0.96	0.705456
1.8	1	0.639857
1.8	1.04	0.577457
1.8	1.08	0.518259
1.8	1.12	0.46226
1.8	1.16	0.409463
1.8	1.2	0.359866
1.8	1.24	0.313469
1.8	1.28	0.270273
1.8	1.32	0.230277
1.8	1.36	0.193482
1.8	1.4	0.159887
1.8	1.44	0.129493
1.8	1.48	0.102299
1.8	1.52	0.0783054
1.8	1.56	0.0575121
1.8	1.6	0.0399192
1.8	1.64	0.0255265
1.8	1.68	0.0143341
1.8	1.72	0.00634189
1.8	1.76	0.00154988
1.8	1.8	-4.19785e-05
1.8	1.84	0.00156629
1.8	1.88	0.00637466
1.8	1.92	0.0143831
1.8	1.96	0.0255915
1.8	2	0.04
1.82	0	3.3124
1.82	0.04	3.16839
1.82	0.08	3.02758
1.82	0.12	2.88997
1.82	0.16	2.75557
1.82	0.2	2.62436
1.82	0.24	2.49635
1.82	0.28	2.37154
1.82	0.32	2.24993
1.82	0.36	2.13153
1.82	0.4	2.01632
1.82	0.44	1.90431
1.82	0.48	1.79551
1.82	0.52	1.6899
1.82	0.56	1.5875
1.82	0.6	1.48829
1.82	0.64	1.39229
1.82	0.68	1.29948
1.82	0.72	1.20988
1.82	0.76	1.12348
1.82	0.8	1.04027
1.82	0.84	0.960272
1.82	0.88	0.883471
1.82	0.92	0.80987
1.82	0.96	0.739469
1.82	1	0.67227
1.82	1.04	0.60827
1.82	1.08	0.547471
1.82	1.12	0.489873
1.82	1.16	0.435475
1.82	1.2	0.384278
1.82	1.24	0.336281
1.82	1.28	0.291484
1.82	1.32	0.249888
1.82	1.36	0.211493
1.82	1.4	0.176297
1.82	1.44	0.144303
1.82	1.48	0.115508
1.82	1.52	0.0899139
1.82	1.56	0.0675201
1.82	1.6	0.0483265
1.82	1.64	0.0323331
1.82	1.68	0.01954
1.82	1.72	0.00994713
1.82	1.76	0.0035544
1.82	1.8	0.000361807
1.82	1.84	0.000369332
1.82	1.88	0.00357694
1.82	1.92	0.00998461
1.82	1.96	0.0195923
1.82	2	0.0324
1.84	0	3.3856
1.84	0.04	3.23999
1.84	0.08	3.09758
1.84	0.12	2.95838
1.84	0.16	2.82237
1.84	0.2	2.68956
1.84	0.24	2.55995
1.84	0.28	2.43355
1.84	0.32	2.31034
1.84	0.36	2.19033
1.84	0.4	2.07353
1.84	0.44	1.95992
1.84	0.48	1.84952
1.84	0.52	1.74231
1.84	0.56	1.63831
1.84	0.6	1.5375
1.84	0.64	1.4399
1.84	0.68	1.34549
1.84	0.72	1.25429
1.84	0.76	1.16629
1.84	0.8	1.08149
1.84	0.84	0.999885
1.84	0.88	0.921484
1.84	0.92	0.846283
1.84	0.96	0.774283
1.84	1	0.705483
1.84	1.04	0.639884
1.84	1.08	0.577485
1.84	1.12	0.518286
1.84	1.16	0.462288
1.84	1.2	0.40949
1.84	1.24	0.359893
1.84	1.28	0.313496
1.84	1.32	0.2703
1.84	1.36	0.230304
1.84	1.4	0.193508
1.84	1.44	0.159913
1.84	1.48	0.129518
1.84	1.52	0.102323
1.84	1.56	0.0783283
1.84	1.6	0.057534
1.84	1.64	0.03994
1.84	1.68	0.0255462
1.84	1.72	0.0143526
1.84	1.76	0.00635908
1.84	1.8	0.00156573
1.84	1.84	-2.75196e-05
1.84	1.88	0.00157931
1.84	1.92	0.00638619
1.84	1.96	0.0143931
1.84	2	0.0256
1.86	0	3.4596
1.86	0.04	3.31239
1.86	0.08	3.16839
1.86	0.12	3.02758
1.86	0.16	2.88997
1.86	0.2	2.75557
1.86	0.24	2.62436
1.86	0.28	2.49635
1.86	0.32	2.37155
1.86	0.36	2.24994
1.86	0.4	2.13154
1.86	0.44	2.01633
1.86	0.48	1.90433
1.86	0.52	1.79552
1.86	0.56	1.68992
1.86	0.6	1.58751
1.86	0.64	1.48831
1.86	0.68	1.39231
1.86	0.72	1.2995
1.86	0.76	1.2099
1.86	0.8	1.1235
1.86	0.84	1.0403
1.86	0.88	0.960298
1.86	0.92	0.883497
1.86	0.96	0.809897
1.86	1	0.739497
1.86	1.04	0.672297
1.86	1.08	0.608298
1.86	1.12	0.547499
1.86	1.16	0.489901
1.86	1.2	0.435503
1.86	1.24	0.384306
1.86	1.28	0.336308
1.86	1.32	0.291512
1.86	1.36	0.249915
1.86	1.4	0.211519
1.86	1.44	0.176323
1.86	1.48	0.144327
1.86	1.52	0.115532
1.86	1.56	0.0899367
1.86	1.6	0.0675418
1.86	1.64	0.0483471
1.86	1.68	0.0323525
1.86	1.72	0.0195582
1.86	1.76	0.0099639
1.86	1.8	0.00356977
1.86	1.84	0.000375725
1.86	1.88	0.000381749
1.86	1.92	0.00358782
1.86	1.96	0.00999391
1.86	2	0.0196
1.88	0	3.5344
1.88	0.04	3.38559
1.88	0.08	3.23999
1.88	0.12	3.09758
1.88	0.16	2.95838
1.88	0.2	2.82237
1.88	0.24	2.68957
1.88	0.28	2.55996
1.88	0.32	2.43355
1.88	0.36	2.31035
1.88	0.4	2.19035
1.88	0.44	2.07354
1.88	0.48	1.95994
1.88	0.52	1.84953
1.88	0.56	1.74233
1.88	0.6	1.63833
1.88	0.64	1.53752
1.88	0.68	1.43992
1.88	0.72	1.34552
1.88	0.76	1.25432
1.88	0.8	1.16631
1.88	0.84	1.08151
1.88	0.88	0.999912
1.88	0.92	0.921511
1.88	0.96	0.846311
1.88	1	0.774311
1.88	1.04	0.705511
1.88	1.08	0.639912
1.88	1.12	0.577513
1.88	1.16	0.518315
1.88	1.2	0.462316
1.88	1.24	0.409519
1.88	1.28	0.359921
1.88	1.32	0.313524
1.88	1.36	0.270327
1.88	1.4	0.23033
1.88	1.44	0.193533
1.88	1.48	0.159937
1.88	1.52	0.129541
1.88	1.56	0.102345
1.88	1.6	0.0783498
1.88	1.64	0.0575543
1.88	1.68	0.039959
1.88	1.72	0.0255639
1.88	1.76	0.0143689
1.88	1.8	0.00637391
1.88	1.84	0.00157905
1.88	1.88	-1.57485e-05
1.88	1.92	0.00158949
1.88	1.96	0.00639474
1.88	2	0.0144
1.9	0	3.61
1.9	0.04	3.4596
1.9	0.08	3.31239
1.9	0.12	3.16839
1.9	0.16	3.02758
1.9	0.2	2.88998
1.9	0.24	2.75557
1.9	0.28	2.62437
1.9	0.32	2.49636
1.9	0.36	2.37156
1.9	0.4	2.24995
1.9	0.44	2.13155
1.9	0.48	2.01635
1.9	0.52	1.90434
1.9	0.56	1.79554
1.9	0.6	1.68994
1.9	0.64	1.58754
1.9	0.68	1.48833
1.9	0.72	1.39233
1.9	0.76	1.29953
1.9	0.8	1.20993
1.9	0.84	1.12353
1.9	0.88	1.04033
1.9	0.92	0.960326
1.9	0.96	0.883525
1.9	1	0.809925
1.9	1.04	0.739526
1.9	1.08	0.672326
1.9	1.12	0.608327
1.9	1.16	0.547529
1.9	1.2	0.48993
1.9	1.24	0.435532
1.9	1.28	0.384334
1.9	1.32	0.336336
1.9	1.36	0.291539
1.9	1.4	0.249941
1.9	1.44	0.211544
1.9	1.48	0.176347
1.9	1.52	0.144351
1.9	1.56	0.115554
1.9	1.6	0.0899579
1.9	1.64	0.0675617
1.9	1.68	0.0483657
1.9	1.72	0.0323697
1.9	1.76	0.0195739
1.9	1.8	0.00997815
1.9	1.84	0.00358245
1.9	1.88	0.000386806
1.9	1.92	0.000391194
1.9	1.96	0.0035956
1.9	2	0.01
1.92	0	3.6864
1.92	0.04	3.5344
1.92	0.08	3.38559
1.92	0.12	3.23999
1.92	0.16	3.09758
1.92	0.2	2.95838
1.92	0.24	2.82238
1.92	0.28	2.68957
1.92	0.32	2.55997
1.92	0.36	2.43357
1.92	0.4	2.31036
1.92	0.44	2.19036
1.92	0.48	2.07356
1.92	0.52	1.95995
1.92	0.56	1.84955
1.92	0.6	1.74235
1.92	0.64	1.63835
1.92	0.68	1.53755
1.92	0.72	1.43994
1.92	0.76	1.34554
1.92	0.8	1.25434
1.92	0.84	1.16634
1.92	0.88	1.08154
1.92	0.92	0.99994
1.92	0.96	0.92154
1.92	1	0.84634
1.92	1.04	0.77434
1.92	1.08	0.705541
1.92	1.12	0.639942
1.92	1.16	0.577543
1.92	1.2	0.518344
1.92	1.24	0.462345
1.92	1.28	0.409547
1.92	1.32	0.359949
1.92	1.36	0.313551
1.92	1.4	0.270353
1.92	1.44	0.230355
1.92	1.48	0.193558
1.92	1.52	0.15996
1.92	1.56	0.129563
1.92	1.6	0.102366
1.92	1.64	0.0783693
1.92	1.68	0.0575724
1.92	1.72	0.0399757
1.92	1.76	0.025579
1.92	1.8	0.0143824
1.92	1.84	0.0063859
1.92	1.88	0.0015894
1.92	1.92	-7.07336e-06
1.92	1.96	0.00159646
1.92	2	0.0064
1.94	0	3.7636
1.94	0.04	3.61
1.94	0.08	3.45959
1.94	0.12	3.31239
1.94	0.16	3.16839
1.94	0.2	3.02759
1.94	0.24	2.88998
1.94	0.28	2.75558
1.94	0.32	2.62438
1.94	0.36	2.49637
1.94	0.4	2.37157
1.94	0.44	2.24997
1.94	0.48	2.13157
1.94	0.52	2.01637
1.94	0.56	1.90436
1.94	0.6	1.79556
1.94	0.64	1.68996
1.94	0.68	1.58756
1.94	0.72	1.48836
1.94	0.76	1.39236
1.94	0.8	1.29956
1.94	0.84	1.20996
1.94	0.88	1.12356
1.94	0.92	1.04036
1.94	0.96	0.960355
1.94	1	0.883555
1.94	1.04	0.809955
1.94	1.08	0.739556
1.94	1.12	0.672356
1.94	1.16	0.608357
1.94	1.2	0.547558
1.94	1.24	0.489959
1.94	1.28	0.43556
1.94	1.32	0.384361
1.94	1.36	0.336363
1.94	1.4	0.291565
1.94	1.44	0.249966
1.94	1.48	0.211568
1.94	1.52	0.17637
1.94	1.56	0.144372
1.94	1.6	0.115575
1.94	1.64	0.0899769
1.94	1.68	0.0675793
1.94	1.72	0.0483817
1.94	1.76	0.0323842
1.94	1.8	0.0195868
1.94	1.84	0.0099894
1.94	1.88	0.00359203
1.94	1.92	0.000394681
1.94	1.96	0.000397341
1.94	2	0.0036
1.96	0	3.8416
1.96	0.04	3.6864
1.96	0.08	3.5344
1.96	0.12	3.38559
1.96	0.16	3.23999
1.96	0.2	3.09759
1.96	0.24	2.95839
1.96	0.28	2.82239
1.96	0.32	2.68958
1.96	0.36	2.55998
1.96	0.4	2.43358
1.96	0.44	2.31038
1.96	0.48	2.19038
1.96	0.52	2.07358
1.96	0.56	1.95998
1.96	0.6	1.84957
1.96	0.64	1.74237
1.96	0.68	1.63837
1.96	0.72	1.53757
1.96	0.76	1.43997
1.96	0.8	1.34557
1.96	0.84	1.25437
1.96	0.88	1.16637
1.96	0.92	1.08157
1.96	0.96	0.99997
1.96	1	0.92157
1.96	1.04	0.84637
1.96	1.08	0.77437
1.96	1.12	0.705571
1.96	1.16	0.639971
1.96	1.2	0.577572
1.96	1.24	0.518373
1.96	1.28	0.462373
1.96	1.32	0.409574
1.96	1.36	0.359975
1.96	1.4	0.313576
1.96	1.44	0.270378
1.96	1.48	0.230379
1.96	1.52	0.19358
1.96	1.56	0.159982
1.96	1.6	0.129583
1.96	1.64	0.102385
1.96	1.68	0.0783862
1.96	1.72	0.0575878
1.96	1.76	0.0399895
1.96	1.8	0.0255912
1.96	1.84	0.0143929
1.96	1.88	0.00639468
1.96	1.92	0.00159645
1.96	1.96	-1.7753e-06
1.96	2	0.0016
1.98	0	3.9204
1.98	0.04	3.7636
1.98	0.08	3.61
1.98	0.12	3.4596
1.98	0.16	3.3124
1.98	0.2	3.1684
1.98	0.24	3.02759
1.98	0.28	2.88999
1.98	0.32	2.75559
1.98	0.36	2.62439
1.98	0.4	2.49639
1.98	0.44	2.37159
1.98	0.48	2.24999
1.98	0.52	2.13159
1.98	0.56	2.01639
1.98	0.6	1.90439
1.98	0.64	1.79559
1.98	0.68	1.68999
1.98	0.72	1.58759
1.98	0.76	1.48839
1.98	0.8	1.39239
1.98	0.84	1.29959
1.98	0.88	1.20999
1.98	0.92	1.12358
1.98	0.96	1.04038
1.98	1	0.960385
1.98	1.04	0.883585
1.98	1.08	0.809985
1.98	1.12	0.739585
1.98	1.16	0.672386
1.98	1.2	0.608386
1.98	1.24	0.547586
1.98	1.28	0.489987
1.98	1.32	0.435587
1.98	1.36	0.384388
1.98	1.4	0.336388
1.98	1.44	0.291589
1.98	1.48	0.249989
1.98	1.52	0.21159
1.98	1.56	0.176391
1.98	1.6	0.144392
1.98	1.64	0.115592
1.98	1.68	0.0899931
1.98	1.72	0.0675939
1.98	1.76	0.0483947
1.98	1.8	0.0323956
1.98	1.84	0.0195965
1.98	1.88	0.00999734
1.98	1.92	0.00359822
1.98	1.96	0.000399112
1.98	2	0.0004
2	0	4
2	0.04	3.8416
2	0.08	3.6864
2	0.12	3.5344
2	0.16	3.3856
2	0.2	3.24
2	0.24	3.0976
2	0.28	2.9584
2	0.32	2.8224
2	0.36	2.6896
2	0.4	2.56
2	0.44	2.4336
2	0.48	2.3104
2	0.52	2.1904
2	0.56	2.0736
2	0.6	1.96
2	0.64	1.8496
2	0.68	1.7424
2	0.72	1.6384
2	0.76	1.5376
2	0.8	1.44
2	0.84	1.3456
2	0.88	1.2544
2	0.92	1.1664
2	0.96	1.0816
2	1	1
2	1.04	0.9216
2	1.08	0.8464
2	1.12	0.7744
2	1.16	0.7056
2	1.2	0.64
2	1.24	0.5776
2	1.28	0.5184
2	1.32	0.4624
2	1.36	0.4096
2	1.4	0.36
2	1.44	0.3136
2	1.48	0.2704
2	1.52	0.2304
2	1.56	0.1936
2	1.6	0.16
2	1.64	0.1296
2	1.68	0.1024
2	1.72	0.0784
2	1.76	0.0576
2	1.8	0.04
2	1.84	0.0256
2	1.88	0.0144
2	1.92	0.0064
2	1.96	0.0016
2	2	0
