1	0	1
1	0.04	0.9216
1	0.08	0.8464
1	0.12	0.7744
1	0.16	0.7056
1	0.2	0.64
1	0.24	0.5776
1	0.28	0.5184
1	0.32	0.4624
1	0.36	0.4096
1	0.4	0.36
1	0.44	0.3136
1	0.48	0.2704
1	0.52	0.2304
1	0.56	0.1936
1	0.6	0.16
1	0.64	0.1296
1	0.68	0.1024
1	0.72	0.0784
1	0.76	0.0576
1	0.8	0.04
1	0.84	0.0256
1	0.88	0.0144
1	0.92	0.0064
1	0.96	0.0016
1	1	0
1	1.04	0.0016
1	1.08	0.0064
1	1.12	0.0144
1	1.16	0.0256
1	1.2	0.04
1	1.24	0.0576
1	1.28	0.0784
1	1.32	0.1024
1	1.36	0.1296
1	1.4	0.16
1	1.44	0.1936
1	1.48	0.2304
1	1.52	0.2704
1	1.56	0.3136
1	1.6	0.36
1	1.64	0.4096
1	1.68	0.4624
1	1.72	0.5184
1	1.76	0.5776
1	1.8	0.64
1	1.84	0.7056
1	1.88	0.7744
1	1.92	0.8464
1	1.96	0.9216
1	2	1
1.02	0	1.0404
1.02	0.04	0.9604
1.02	0.08	0.8836
1.02	0.12	0.81
1.02	0.16	0.7396
1.02	0.2	0.6724
1.02	0.24	0.6084
1.02	0.28	0.5476
1.02	0.32	0.49
1.02	0.36	0.4356
1.02	0.4	0.3844
1.02	0.44	0.3364
1.02	0.48	0.2916
1.02	0.52	0.25
1.02	0.56	0.2116
1.02	0.6	0.1764
1.02	0.64	0.1444
1.02	0.68	0.1156
1.02	0.72	0.09
1.02	0.76	0.0676
1.02	0.8	0.0484
1.02	0.84	0.0324
1.02	0.88	0.0196
1.02	0.92	0.01
1.02	0.96	0.0036
1.02	1	0.0004
1.02	1.04	0.0004
1.02	1.08	0.0036
1.02	1.12	0.01
1.02	1.16	0.0196
1.02	1.2	0.0324
1.02	1.24	0.0484
1.02	1.28	0.0676
1.02	1.32	0.09
1.02	1.36	0.1156
1.02	1.4	0.1444
1.02	1.44	0.1764
1.02	1.48	0.2116
1.02	1.52	0.25
1.02	1.56	0.2916
1.02	1.6	0.3364
1.02	1.64	0.3844
1.02	1.68	0.4356
1.02	1.72	0.49
1.02	1.76	0.5476
1.02	1.8	0.6084
1.02	1.84	0.6724
1.02	1.88	0.7396
1.02	1.92	0.81
1.02	1.96	0.8836
1.02	2	0.9604
1.04	0	1.0816
1.04	0.04	1
1.04	0.08	0.9216
1.04	0.12	0.8464
1.04	0.16	0.7744
1.04	0.2	0.7056
1.04	0.24	0.64
1.04	0.28	0.5776
1.04	0.32	0.5184
1.04	0.36	0.4624
1.04	0.4	0.4096
1.04	0.44	0.36
1.04	0.48	0.3136
1.04	0.52	0.2704
1.04	0.56	0.2304
1.04	0.6	0.1936
1.04	0.64	0.16
1.04	0.68	0.1296
1.04	0.72	0.1024
1.04	0.76	0.0784
1.04	0.8	0.0576
1.04	0.84	0.04
1.04	0.88	0.0256
1.04	0.92	0.0144
1.04	0.96	0.0064
1.04	1	0.0016
1.04	1.04	0
1.04	1.08	0.0016
1.04	1.12	0.0064
1.04	1.16	0.0144
1.04	1.2	0.0256
1.04	1.24	0.04
1.04	1.28	0.0576
1.04	1.32	0.0784
1.04	1.36	0.1024
1.04	1.4	0.1296
1.04	1.44	0.16
1.04	1.48	0.1936
1.04	1.52	0.2304
1.04	1.56	0.2704
1.04	1.6	0.3136
1.04	1.64	0.36
1.04	1.68	0.4096
1.04	1.72	0.4624
1.04	1.76	0.5184
1.04	1.8	0.5776
1.04	1.84	0.64
1.04	1.88	0.7056
1.04	1.92	0.7744
1.04	1.96	0.8464
1.04	2	0.9216
1.06	0	1.1236
1.06	0.04	1.0404
1.06	0.08	0.9604
1.06	0.12	0.8836
1.06	0.16	0.81
1.06	0.2	0.7396
1.06	0.24	0.6724
1.06	0.28	0.6084
1.06	0.32	0.5476
1.06	0.36	0.49
1.06	0.4	0.4356
1.06	0.44	0.3844
1.06	0.48	0.3364
1.06	0.52	0.2916
1.06	0.56	0.25
1.06	0.6	0.2116
1.06	0.64	0.1764
1.06	0.68	0.1444
1.06	0.72	0.1156
1.06	0.76	0.09
1.06	0.8	0.0676
1.06	0.84	0.0484
1.06	0.88	0.0324
1.06	0.92	0.0196
1.06	0.96	0.01
1.06	1	0.0036
1.06	1.04	0.0004
1.06	1.08	0.0004
1.06	1.12	0.0036
1.06	1.16	0.01
1.06	1.2	0.0196
1.06	1.24	0.0324
1.06	1.28	0.0484
1.06	1.32	0.0676
1.06	1.36	0.09
1.06	1.4	0.1156
1.06	1.44	0.1444
1.06	1.48	0.1764
1.06	1.52	0.2116
1.06	1.56	0.25
1.06	1.6	0.2916
1.06	1.64	0.3364
1.06	1.68	0.3844
1.06	1.72	0.4356
1.06	1.76	0.49
1.06	1.8	0.5476
1.06	1.84	0.6084
1.06	1.88	0.6724
1.06	1.92	0.7396
1.06	1.96	0.81
1.06	2	0.8836
1.08	0	1.1664
1.08	0.04	1.0816
1.08	0.08	1
1.08	0.12	0.9216
1.08	0.16	0.8464
1.08	0.2	0.7744
1.08	0.24	0.7056
1.08	0.28	0.64
1.08	0.32	0.5776
1.08	0.36	0.5184
1.08	0.4	0.4624
1.08	0.44	0.4096
1.08	0.48	0.36
1.08	0.52	0.3136
1.08	0.56	0.2704
1.08	0.6	0.2304
1.08	0.64	0.1936
1.08	0.68	0.16
1.08	0.72	0.1296
1.08	0.76	0.1024
1.08	0.8	0.0784
1.08	0.84	0.0576
1.08	0.88	0.04
1.08	0.92	0.0256
1.08	0.96	0.0144
1.08	1	0.0064
1.08	1.04	0.0016
1.08	1.08	0
1.08	1.12	0.0016
1.08	1.16	0.0064
1.08	1.2	0.0144
1.08	1.24	0.0256
1.08	1.28	0.04
1.08	1.32	0.0576
1.08	1.36	0.0784
1.08	1.4	0.1024
1.08	1.44	0.1296
1.08	1.48	0.16
1.08	1.52	0.1936
1.08	1.56	0.2304
1.08	1.6	0.2704
1.08	1.64	0.3136
1.08	1.68	0.36
1.08	1.72	0.4096
1.08	1.76	0.4624
1.08	1.8	0.5184
1.08	1.84	0.5776
1.08	1.88	0.64
1.08	1.92	0.7056
1.08	1.96	0.7744
1.08	2	0.8464
1.1	0	1.21
1.1	0.04	1.1236
1.1	0.08	1.0404
1.1	0.12	0.9604
1.1	0.16	0.8836
1.1	0.2	0.81
1.1	0.24	0.7396
1.1	0.28	0.6724
1.1	0.32	0.6084
1.1	0.36	0.5476
1.1	0.4	0.49
1.1	0.44	0.4356
1.1	0.48	0.3844
1.1	0.52	0.3364
1.1	0.56	0.2916
1.1	0.6	0.25
1.1	0.64	0.2116
1.1	0.68	0.1764
1.1	0.72	0.1444
1.1	0.76	0.1156
1.1	0.8	0.09
1.1	0.84	0.0676
1.1	0.88	0.0484
1.1	0.92	0.0324
1.1	0.96	0.0196
1.1	1	0.01
1.1	1.04	0.0036
1.1	1.08	0.0004
1.1	1.12	0.0004
1.1	1.16	0.0036
1.1	1.2	0.01
1.1	1.24	0.0196
1.1	1.28	0.0324
1.1	1.32	0.0484
1.1	1.36	0.0676
1.1	1.4	0.09
1.1	1.44	0.1156
1.1	1.48	0.1444
1.1	1.52	0.1764
1.1	1.56	0.2116
1.1	1.6	0.25
1.1	1.64	0.2916
1.1	1.68	0.3364
1.1	1.72	0.3844
1.1	1.76	0.4356
1.1	1.8	0.49
1.1	1.84	0.5476
1.1	1.88	0.6084
1.1	1.92	0.6724
1.1	1.96	0.7396
1.1	2	0.81
1.12	0	1.2544
1.12	0.04	1.1664
1.12	0.08	1.0816
1.12	0.12	1
1.12	0.16	0.9216
1.12	0.2	0.8464
1.12	0.24	0.7744
1.12	0.28	0.7056
1.12	0.32	0.64
1.12	0.36	0.5776
1.12	0.4	0.5184
1.12	0.44	0.4624
1.12	0.48	0.4096
1.12	0.52	0.36
1.12	0.56	0.3136
1.12	0.6	0.2704
1.12	0.64	0.2304
1.12	0.68	0.1936
1.12	0.72	0.16
1.12	0.76	0.1296
1.12	0.8	0.1024
1.12	0.84	0.0784
1.12	0.88	0.0576
1.12	0.92	0.04
1.12	0.96	0.0256
1.12	1	0.0144
1.12	1.04	0.0064
1.12	1.08	0.0016
1.12	1.12	0
1.12	1.16	0.0016
1.12	1.2	0.0064
1.12	1.24	0.0144
1.12	1.28	0.0256
1.12	1.32	0.04
1.12	1.36	0.0576
1.12	1.4	0.0784
1.12	1.44	0.1024
1.12	1.48	0.1296
1.12	1.52	0.16
1.12	1.56	0.1936
1.12	1.6	0.2304
1.12	1.64	0.2704
1.12	1.68	0.3136
1.12	1.72	0.36
1.12	1.76	0.4096
1.12	1.8	0.4624
1.12	1.84	0.5184
1.12	1.88	0.5776
1.12	1.92	0.64
1.12	1.96	0.7056
1.12	2	0.7744
1.14	0	1.2996
1.14	0.04	1.21
1.14	0.08	1.1236
1.14	0.12	1.0404
1.14	0.16	0.9604
1.14	0.2	0.8836
1.14	0.24	0.81
1.14	0.28	0.7396
1.14	0.32	0.6724
1.14	0.36	0.6084
1.14	0.4	0.5476
1.14	0.44	0.49
1.14	0.48	0.4356
1.14	0.52	0.3844
1.14	0.56	0.3364
1.14	0.6	0.2916
1.14	0.64	0.25
1.14	0.68	0.2116
1.14	0.72	0.1764
1.14	0.76	0.1444
1.14	0.8	0.1156
1.14	0.84	0.09
1.14	0.88	0.0676
1.14	0.92	0.0484
1.14	0.96	0.0324
1.14	1	0.0196
1.14	1.04	0.01
1.14	1.08	0.0036
1.14	1.12	0.0004
1.14	1.16	0.0004
1.14	1.2	0.0036
1.14	1.24	0.01
1.14	1.28	0.0196
1.14	1.32	0.0324
1.14	1.36	0.0484
1.14	1.4	0.0676
1.14	1.44	0.09
1.14	1.48	0.1156
1.14	1.52	0.1444
1.14	1.56	0.1764
1.14	1.6	0.2116
1.14	1.64	0.25
1.14	1.68	0.2916
1.14	1.72	0.3364
1.14	1.76	0.3844
1.14	1.8	0.4356
1.14	1.84	0.49
1.14	1.88	0.5476
1.14	1.92	0.6084
1.14	1.96	0.6724
1.14	2	0.7396
1.16	0	1.3456
1.16	0.04	1.2544
1.16	0.08	1.1664
1.16	0.12	1.0816
1.16	0.16	1
1.16	0.2	0.9216
1.16	0.24	0.8464
1.16	0.28	0.7744
1.16	0.32	0.7056
1.16	0.36	0.64
1.16	0.4	0.5776
1.16	0.44	0.5184
1.16	0.48	0.4624
1.16	0.52	0.4096
1.16	0.56	0.36
1.16	0.6	0.3136
1.16	0.64	0.2704
1.16	0.68	0.2304
1.16	0.72	0.1936
1.16	0.76	0.16
1.16	0.8	0.1296
1.16	0.84	0.1024
1.16	0.88	0.0784
1.16	0.92	0.0576
1.16	0.96	0.04
1.16	1	0.0256
1.16	1.04	0.0144
1.16	1.08	0.0064
1.16	1.12	0.0016
1.16	1.16	0
1.16	1.2	0.0016
1.16	1.24	0.0064
1.16	1.28	0.0144
1.16	1.32	0.0256
1.16	1.36	0.04
1.16	1.4	0.0576
1.16	1.44	0.0784
1.16	1.48	0.1024
1.16	1.52	0.1296
1.16	1.56	0.16
1.16	1.6	0.1936
1.16	1.64	0.2304
1.16	1.68	0.2704
1.16	1.72	0.3136
1.16	1.76	0.36
1.16	1.8	0.4096
1.16	1.84	0.4624
1.16	1.88	0.5184
1.16	1.92	0.5776
1.16	1.96	0.64
1.16	2	0.7056
1.18	0	1.3924
1.18	0.04	1.2996
1.18	0.08	1.21
1.18	0.12	1.1236
1.18	0.16	1.0404
1.18	0.2	0.9604
1.18	0.24	0.8836
1.18	0.28	0.81
1.18	0.32	0.7396
1.18	0.36	0.6724
1.18	0.4	0.6084
1.18	0.44	0.5476
1.18	0.48	0.49
1.18	0.52	0.4356
1.18	0.56	0.3844
1.18	0.6	0.3364
1.18	0.64	0.2916
1.18	0.68	0.25
1.18	0.72	0.2116
1.18	0.76	0.1764
1.18	0.8	0.1444
1.18	0.84	0.1156
1.18	0.88	0.09
1.18	0.92	0.0676
1.18	0.96	0.0484
1.18	1	0.0324
1.18	1.04	0.0196
1.18	1.08	0.01
1.18	1.12	0.0036
1.18	1.16	0.0004
1.18	1.2	0.0004
1.18	1.24	0.0036
1.18	1.28	0.01
1.18	1.32	0.0196
1.18	1.36	0.0324
1.18	1.4	0.0484
1.18	1.44	0.0676
1.18	1.48	0.09
1.18	1.52	0.1156
1.18	1.56	0.1444
1.18	1.6	0.1764
1.18	1.64	0.2116
1.18	1.68	0.25
1.18	1.72	0.2916
1.18	1.76	0.3364
1.18	1.8	0.3844
1.18	1.84	0.4356
1.18	1.88	0.49
1.18	1.92	0.5476
1.18	1.96	0.6084
1.18	2	0.6724
1.2	0	1.44
1.2	0.04	1.3456
1.2	0.08	1.2544
1.2	0.12	1.1664
1.2	0.16	1.0816
1.2	0.2	1
1.2	0.24	0.9216
1.2	0.28	0.8464
1.2	0.32	0.7744
1.2	0.36	0.7056
1.2	0.4	0.64
1.2	0.44	0.5776
1.2	0.48	0.5184
1.2	0.52	0.4624
1.2	0.56	0.4096
1.2	0.6	0.36
1.2	0.64	0.3136
1.2	0.68	0.2704
1.2	0.72	0.2304
1.2	0.76	0.1936
1.2	0.8	0.16
1.2	0.84	0.1296
1.2	0.88	0.1024
1.2	0.92	0.0784
1.2	0.96	0.0576
1.2	1	0.04
1.2	1.04	0.0256
1.2	1.08	0.0144
1.2	1.12	0.0064
1.2	1.16	0.0016
1.2	1.2	0
1.2	1.24	0.0016
1.2	1.28	0.0064
1.2	1.32	0.0144
1.2	1.36	0.0256
1.2	1.4	0.04
1.2	1.44	0.0576
1.2	1.48	0.0784
1.2	1.52	0.1024
1.2	1.56	0.1296
1.2	1.6	0.16
1.2	1.64	0.1936
1.2	1.68	0.2304
1.2	1.72	0.2704
1.2	1.76	0.3136
1.2	1.8	0.36
1.2	1.84	0.4096
1.2	1.88	0.4624
1.2	1.92	0.5184
1.2	1.96	0.5776
1.2	2	0.64
1.22	0	1.4884
1.22	0.04	1.3924
1.22	0.08	1.2996
1.22	0.12	1.21
1.22	0.16	1.1236
1.22	0.2	1.0404
1.22	0.24	0.9604
1.22	0.28	0.8836
1.22	0.32	0.81
1.22	0.36	0.7396
1.22	0.4	0.6724
1.22	0.44	0.6084
1.22	0.48	0.5476
1.22	0.52	0.49
1.22	0.56	0.4356
1.22	0.6	0.3844
1.22	0.64	0.3364
1.22	0.68	0.2916
1.22	0.72	0.25
1.22	0.76	0.2116
1.22	0.8	0.1764
1.22	0.84	0.1444
1.22	0.88	0.1156
1.22	0.92	0.09
1.22	0.96	0.0676
1.22	1	0.0484
1.22	1.04	0.0324
1.22	1.08	0.0196
1.22	1.12	0.01
1.22	1.16	0.0036
1.22	1.2	0.0004
1.22	1.24	0.0004
1.22	1.28	0.0036
1.22	1.32	0.01
1.22	1.36	0.0196
1.22	1.4	0.0324
1.22	1.44	0.0484
1.22	1.48	0.0676
1.22	1.52	0.09
1.22	1.56	0.1156
1.22	1.6	0.1444
1.22	1.64	0.1764
1.22	1.68	0.2116
1.22	1.72	0.25
1.22	1.76	0.2916
1.22	1.8	0.3364
1.22	1.84	0.3844
1.22	1.88	0.4356
1.22	1.92	0.49
1.22	1.96	0.5476
1.22	2	0.6084
1.24	0	1.5376
1.24	0.04	1.44
1.24	0.08	1.3456
1.24	0.12	1.2544
1.24	0.16	1.1664
1.24	0.2	1.0816
1.24	0.24	1
1.24	0.28	0.9216
1.24	0.32	0.8464
1.24	0.36	0.7744
1.24	0.4	0.7056
1.24	0.44	0.64
1.24	0.48	0.5776
1.24	0.52	0.5184
1.24	0.56	0.4624
1.24	0.6	0.4096
1.24	0.64	0.36
1.24	0.68	0.3136
1.24	0.72	0.2704
1.24	0.76	0.2304
1.24	0.8	0.1936
1.24	0.84	0.16
1.24	0.88	0.1296
1.24	0.92	0.1024
1.24	0.96	0.0784
1.24	1	0.0576
1.24	1.04	0.04
1.24	1.08	0.0256
1.24	1.12	0.0144
1.24	1.16	0.0064
1.24	1.2	0.0016
1.24	1.24	0
1.24	1.28	0.0016
1.24	1.32	0.0064
1.24	1.36	0.0144
1.24	1.4	0.0256
1.24	1.44	0.04
1.24	1.48	0.0576
1.24	1.52	0.0784
1.24	1.56	0.1024
1.24	1.6	0.1296
1.24	1.64	0.16
1.24	1.68	0.1936
1.24	1.72	0.2304
1.24	1.76	0.2704
1.24	1.8	0.3136
1.24	1.84	0.36
1.24	1.88	0.4096
1.24	1.92	0.4624
1.24	1.96	0.5184
1.24	2	0.5776
1.26	0	1.5876
1.26	0.04	1.4884
1.26	0.08	1.3924
1.26	0.12	1.2996
1.26	0.16	1.21
1.26	0.2	1.1236
1.26	0.24	1.0404
1.26	0.28	0.9604
1.26	0.32	0.8836
1.26	0.36	0.81
1.26	0.4	0.7396
1.26	0.44	0.6724
1.26	0.48	0.6084
1.26	0.52	0.5476
1.26	0.56	0.49
1.26	0.6	0.4356
1.26	0.64	0.3844
1.26	0.68	0.3364
1.26	0.72	0.2916
1.26	0.76	0.25
1.26	0.8	0.2116
1.26	0.84	0.1764
1.26	0.88	0.1444
1.26	0.92	0.1156
1.26	0.96	0.09
1.26	1	0.0676
1.26	1.04	0.0484
1.26	1.08	0.0324
1.26	1.12	0.0196
1.26	1.16	0.01
1.26	1.2	0.0036
1.26	1.24	0.0004
1.26	1.28	0.0004
1.26	1.32	0.0036
1.26	1.36	0.01
1.26	1.4	0.0196
1.26	1.44	0.0324
1.26	1.48	0.0484
1.26	1.52	0.0676
1.26	1.56	0.09
1.26	1.6	0.1156
1.26	1.64	0.1444
1.26	1.68	0.1764
1.26	1.72	0.2116
1.26	1.76	0.25
1.26	1.8	0.2916
1.26	1.84	0.3364
1.26	1.88	0.3844
1.26	1.92	0.4356
1.26	1.96	0.49
1.26	2	0.5476
1.28	0	1.6384
1.28	0.04	1.5376
1.28	0.08	1.44
1.28	0.12	1.3456
1.28	0.16	1.2544
1.28	0.2	1.1664
1.28	0.24	1.0816
1.28	0.28	1
1.28	0.32	0.9216
1.28	0.36	0.8464
1.28	0.4	0.7744
1.28	0.44	0.7056
1.28	0.48	0.64
1.28	0.52	0.5776
1.28	0.56	0.5184
1.28	0.6	0.4624
1.28	0.64	0.4096
1.28	0.68	0.36
1.28	0.72	0.3136
1.28	0.76	0.2704
1.28	0.8	0.2304
1.28	0.84	0.1936
1.28	0.88	0.16
1.28	0.92	0.1296
1.28	0.96	0.1024
1.28	1	0.0784
1.28	1.04	0.0576
1.28	1.08	0.04
1.28	1.12	0.0256
1.28	1.16	0.0144
1.28	1.2	0.0064
1.28	1.24	0.0016
1.28	1.28	0
1.28	1.32	0.0016
1.28	1.36	0.0064
1.28	1.4	0.0144
1.28	1.44	0.0256
1.28	1.48	0.04
1.28	1.52	0.0576
1.28	1.56	0.0784
1.28	1.6	0.1024
1.28	1.64	0.1296
1.28	1.68	0.16
1.28	1.72	0.1936
1.28	1.76	0.2304
1.28	1.8	0.2704
1.28	1.84	0.3136
1.28	1.88	0.36
1.28	1.92	0.4096
1.28	1.96	0.4624
1.28	2	0.5184
1.3	0	1.69
1.3	0.04	1.5876
1.3	0.08	1.4884
1.3	0.12	1.3924
1.3	0.16	1.2996
1.3	0.2	1.21
1.3	0.24	1.1236
1.3	0.28	1.0404
1.3	0.32	0.9604
1.3	0.36	0.8836
1.3	0.4	0.81
1.3	0.44	0.7396
1.3	0.48	0.6724
1.3	0.52	0.6084
1.3	0.56	0.5476
1.3	0.6	0.49
1.3	0.64	0.4356
1.3	0.68	0.3844
1.3	0.72	0.3364
1.3	0.76	0.2916
1.3	0.8	0.25
1.3	0.84	0.2116
1.3	0.88	0.1764
1.3	0.92	0.1444
1.3	0.96	0.1156
1.3	1	0.09
1.3	1.04	0.0676
1.3	1.08	0.0484
1.3	1.12	0.0324
1.3	1.16	0.0196
1.3	1.2	0.01
1.3	1.24	0.0036
1.3	1.28	0.0004
1.3	1.32	0.0004
1.3	1.36	0.0036
1.3	1.4	0.01
1.3	1.44	0.0196
1.3	1.48	0.0324
1.3	1.52	0.0484
1.3	1.56	0.0676
1.3	1.6	0.09
1.3	1.64	0.1156
1.3	1.68	0.1444
1.3	1.72	0.1764
1.3	1.76	0.2116
1.3	1.8	0.25
1.3	1.84	0.2916
1.3	1.88	0.3364
1.3	1.92	0.3844
1.3	1.96	0.4356
1.3	2	0.49
1.32	0	1.7424
1.32	0.04	1.6384
1.32	0.08	1.5376
1.32	0.12	1.44
1.32	0.16	1.3456
1.32	0.2	1.2544
1.32	0.24	1.1664
1.32	0.28	1.0816
1.32	0.32	1
1.32	0.36	0.9216
1.32	0.4	0.8464
1.32	0.44	0.7744
1.32	0.48	0.7056
1.32	0.52	0.64
1.32	0.56	0.5776
1.32	0.6	0.5184
1.32	0.64	0.4624
1.32	0.68	0.4096
1.32	0.72	0.36
1.32	0.76	0.3136
1.32	0.8	0.2704
1.32	0.84	0.2304
1.32	0.88	0.1936
1.32	0.92	0.16
1.32	0.96	0.1296
1.32	1	0.1024
1.32	1.04	0.0784
1.32	1.08	0.0576
1.32	1.12	0.04
1.32	1.16	0.0256
1.32	1.2	0.0144
1.32	1.24	0.0064
1.32	1.28	0.0016
1.32	1.32	0
1.32	1.36	0.0016
1.32	1.4	0.0064
1.32	1.44	0.0144
1.32	1.48	0.0256
1.32	1.52	0.04
1.32	1.56	0.0576
1.32	1.6	0.0784
1.32	1.64	0.1024
1.32	1.68	0.1296
1.32	1.72	0.16
1.32	1.76	0.1936
1.32	1.8	0.2304
1.32	1.84	0.2704
1.32	1.88	0.3136
1.32	1.92	0.36
1.32	1.96	0.4096
1.32	2	0.4624
1.34	0	1.7956
1.34	0.04	1.69
1.34	0.08	1.5876
1.34	0.12	1.4884
1.34	0.16	1.3924
1.34	0.2	1.2996
1.34	0.24	1.21
1.34	0.28	1.1236
1.34	0.32	1.0404
1.34	0.36	0.9604
1.34	0.4	0.8836
1.34	0.44	0.81
1.34	0.48	0.7396
1.34	0.52	0.6724
1.34	0.56	0.6084
1.34	0.6	0.5476
1.34	0.64	0.49
1.34	0.68	0.4356
1.34	0.72	0.3844
1.34	0.76	0.3364
1.34	0.8	0.2916
1.34	0.84	0.25
1.34	0.88	0.2116
1.34	0.92	0.1764
1.34	0.96	0.1444
1.34	1	0.1156
1.34	1.04	0.09
1.34	1.08	0.0676
1.34	1.12	0.0484
1.34	1.16	0.0324
1.34	1.2	0.0196
1.34	1.24	0.01
1.34	1.28	0.0036
1.34	1.32	0.0004
1.34	1.36	0.0004
1.34	1.4	0.0036
1.34	1.44	0.01
1.34	1.48	0.0196
1.34	1.52	0.0324
1.34	1.56	0.0484
1.34	1.6	0.0676
1.34	1.64	0.09
1.34	1.68	0.1156
1.34	1.72	0.1444
1.34	1.76	0.1764
1.34	1.8	0.2116
1.34	1.84	0.25
1.34	1.88	0.2916
1.34	1.92	0.3364
1.34	1.96	0.3844
1.34	2	0.4356
1.36	0	1.8496
1.36	0.04	1.7424
1.36	0.08	1.6384
1.36	0.12	1.5376
1.36	0.16	1.44
1.36	0.2	1.3456
1.36	0.24	1.2544
1.36	0.28	1.1664
1.36	0.32	1.0816
1.36	0.36	1
1.36	0.4	0.9216
1.36	0.44	0.8464
1.36	0.48	0.7744
1.36	0.52	0.7056
1.36	0.56	0.64
1.36	0.6	0.5776
1.36	0.64	0.5184
1.36	0.68	0.4624
1.36	0.72	0.4096
1.36	0.76	0.36
1.36	0.8	0.3136
1.36	0.84	0.2704
1.36	0.88	0.2304
1.36	0.92	0.1936
1.36	0.96	0.16
1.36	1	0.1296
1.36	1.04	0.1024
1.36	1.08	0.0784
1.36	1.12	0.0576
1.36	1.16	0.04
1.36	1.2	0.0256
1.36	1.24	0.0144
1.36	1.28	0.0064
1.36	1.32	0.0016
1.36	1.36	4.93038e-32
1.36	1.4	0.0016
1.36	1.44	0.0064
1.36	1.48	0.0144
1.36	1.52	0.0256
1.36	1.56	0.04
1.36	1.6	0.0576
1.36	1.64	0.0784
1.36	1.68	0.1024
1.36	1.72	0.1296
1.36	1.76	0.16
1.36	1.8	0.1936
1.36	1.84	0.2304
1.36	1.88	0.2704
1.36	1.92	0.3136
1.36	1.96	0.36
1.36	2	0.4096
1.38	0	1.9044
1.38	0.04	1.7956
1.38	0.08	1.69
1.38	0.12	1.5876
1.38	0.16	1.4884
1.38	0.2	1.3924
1.38	0.24	1.2996
1.38	0.28	1.21
1.38	0.32	1.1236
1.38	0.36	1.0404
1.38	0.4	0.9604
1.38	0.44	0.8836
1.38	0.48	0.81
1.38	0.52	0.7396
1.38	0.56	0.6724
1.38	0.6	0.6084
1.38	0.64	0.5476
1.38	0.68	0.49
1.38	0.72	0.4356
1.38	0.76	0.3844
1.38	0.8	0.3364
1.38	0.84	0.2916
1.38	0.88	0.25
1.38	0.92	0.2116
1.38	0.96	0.1764
1.38	1	0.1444
1.38	1.04	0.1156
1.38	1.08	0.09
1.38	1.12	0.0676
1.38	1.16	0.0484
1.38	1.2	0.0324
1.38	1.24	0.0196
1.38	1.28	0.01
1.38	1.32	0.0036
1.38	1.36	0.0004
1.38	1.4	0.0004
1.38	1.44	0.0036
1.38	1.48	0.01
1.38	1.52	0.0196
1.38	1.56	0.0324
1.38	1.6	0.0484
1.38	1.64	0.0676
1.38	1.68	0.09
1.38	1.72	0.1156
1.38	1.76	0.1444
1.38	1.8	0.1764
1.38	1.84	0.2116
1.38	1.88	0.25
1.38	1.92	0.2916
1.38	1.96	0.3364
1.38	2	0.3844
1.4	0	1.96
1.4	0.04	1.8496
1.4	0.08	1.7424
1.4	0.12	1.6384
1.4	0.16	1.5376
1.4	0.2	1.44
1.4	0.24	1.3456
1.4	0.28	1.2544
1.4	0.32	1.1664
1.4	0.36	1.0816
1.4	0.4	1
1.4	0.44	0.9216
1.4	0.48	0.8464
1.4	0.52	0.7744
1.4	0.56	0.7056
1.4	0.6	0.64
1.4	0.64	0.5776
1.4	0.68	0.5184
1.4	0.72	0.4624
1.4	0.76	0.4096
1.4	0.8	0.36
1.4	0.84	0.3136
1.4	0.88	0.2704
1.4	0.92	0.2304
1.4	0.96	0.1936
1.4	1	0.16
1.4	1.04	0.1296
1.4	1.08	0.1024
1.4	1.12	0.0784
1.4	1.16	0.0576
1.4	1.2	0.04
1.4	1.24	0.0256
1.4	1.28	0.0144
1.4	1.32	0.0064
1.4	1.36	0.0016
1.4	1.4	4.93038e-32
1.4	1.44	0.0016
1.4	1.48	0.0064
1.4	1.52	0.0144
1.4	1.56	0.0256
1.4	1.6	0.04
1.4	1.64	0.0576
1.4	1.68	0.0784
1.4	1.72	0.1024
1.4	1.76	0.1296
1.4	1.8	0.16
1.4	1.84	0.1936
1.4	1.88	0.2304
1.4	1.92	0.2704
1.4	1.96	0.3136
1.4	2	0.36
1.42	0	2.0164
1.42	0.04	1.9044
1.42	0.08	1.7956
1.42	0.12	1.69
1.42	0.16	1.5876
1.42	0.2	1.4884
1.42	0.24	1.3924
1.42	0.28	1.2996
1.42	0.32	1.21
1.42	0.36	1.1236
1.42	0.4	1.0404
1.42	0.44	0.9604
1.42	0.48	0.8836
1.42	0.52	0.81
1.42	0.56	0.7396
1.42	0.6	0.6724
1.42	0.64	0.6084
1.42	0.68	0.5476
1.42	0.72	0.49
1.42	0.76	0.4356
1.42	0.8	0.3844
1.42	0.84	0.3364
1.42	0.88	0.2916
1.42	0.92	0.25
1.42	0.96	0.2116
1.42	1	0.1764
1.42	1.04	0.1444
1.42	1.08	0.1156
1.42	1.12	0.09
1.42	1.16	0.0676
1.42	1.2	0.0484
1.42	1.24	0.0324
1.42	1.28	0.0196
1.42	1.32	0.01
1.42	1.36	0.0036
1.42	1.4	0.0004
1.42	1.44	0.0004
1.42	1.48	0.0036
1.42	1.52	0.01
1.42	1.56	0.0196
1.42	1.6	0.0324
1.42	1.64	0.0484
1.42	1.68	0.0676
1.42	1.72	0.09
1.42	1.76	0.1156
1.42	1.8	0.1444
1.42	1.84	0.1764
1.42	1.88	0.2116
1.42	1.92	0.25
1.42	1.96	0.2916
1.42	2	0.3364
1.44	0	2.0736
1.44	0.04	1.96
1.44	0.08	1.8496
1.44	0.12	1.7424
1.44	0.16	1.6384
1.44	0.2	1.5376
1.44	0.24	1.44
1.44	0.28	1.3456
1.44	0.32	1.2544
1.44	0.36	1.1664
1.44	0.4	1.0816
1.44	0.44	1
1.44	0.48	0.9216
1.44	0.52	0.8464
1.44	0.56	0.7744
1.44	0.6	0.7056
1.44	0.64	0.64
1.44	0.68	0.5776
1.44	0.72	0.5184
1.44	0.76	0.4624
1.44	0.8	0.4096
1.44	0.84	0.36
1.44	0.88	0.3136
1.44	0.92	0.2704
1.44	0.96	0.2304
1.44	1	0.1936
1.44	1.04	0.16
1.44	1.08	0.1296
1.44	1.12	0.1024
1.44	1.16	0.0784
1.44	1.2	0.0576
1.44	1.24	0.04
1.44	1.28	0.0256
1.44	1.32	0.0144
1.44	1.36	0.0064
1.44	1.4	0.0016
1.44	1.44	0
1.44	1.48	0.0016
1.44	1.52	0.0064
1.44	1.56	0.0144
1.44	1.6	0.0256
1.44	1.64	0.04
1.44	1.68	0.0576
1.44	1.72	0.0784
1.44	1.76	0.1024
1.44	1.8	0.1296
1.44	1.84	0.16
1.44	1.88	0.1936
1.44	1.92	0.2304
1.44	1.96	0.2704
1.44	2	0.3136
1.46	0	2.1316
1.46	0.04	2.0164
1.46	0.08	1.9044
1.46	0.12	1.7956
1.46	0.16	1.69
1.46	0.2	1.5876
1.46	0.24	1.4884
1.46	0.28	1.3924
1.46	0.32	1.2996
1.46	0.36	1.21
1.46	0.4	1.1236
1.46	0.44	1.0404
1.46	0.48	0.9604
1.46	0.52	0.8836
1.46	0.56	0.81
1.46	0.6	0.7396
1.46	0.64	0.6724
1.46	0.68	0.6084
1.46	0.72	0.5476
1.46	0.76	0.49
1.46	0.8	0.4356
1.46	0.84	0.3844
1.46	0.88	0.3364
1.46	0.92	0.2916
1.46	0.96	0.25
1.46	1	0.2116
1.46	1.04	0.1764
1.46	1.08	0.1444
1.46	1.12	0.1156
1.46	1.16	0.09
1.46	1.2	0.0676
1.46	1.24	0.0484
1.46	1.28	0.0324
1.46	1.32	0.0196
1.46	1.36	0.01
1.46	1.4	0.0036
1.46	1.44	0.0004
1.46	1.48	0.0004
1.46	1.52	0.0036
1.46	1.56	0.01
1.46	1.6	0.0196
1.46	1.64	0.0324
1.46	1.68	0.0484
1.46	1.72	0.0676
1.46	1.76	0.09
1.46	1.8	0.1156
1.46	1.84	0.1444
1.46	1.88	0.1764
1.46	1.92	0.2116
1.46	1.96	0.25
1.46	2	0.2916
1.48	0	2.1904
1.48	0.04	2.0736
1.48	0.08	1.96
1.48	0.12	1.8496
1.48	0.16	1.7424
1.48	0.2	1.6384
1.48	0.24	1.5376
1.48	0.28	1.44
1.48	0.32	1.3456
1.48	0.36	1.2544
1.48	0.4	1.1664
1.48	0.44	1.0816
1.48	0.48	1
1.48	0.52	0.9216
1.48	0.56	0.8464
1.48	0.6	0.7744
1.48	0.64	0.7056
1.48	0.68	0.64
1.48	0.72	0.5776
1.48	0.76	0.5184
1.48	0.8	0.4624
1.48	0.84	0.4096
1.48	0.88	0.36
1.48	0.92	0.3136
1.48	0.96	0.2704
1.48	1	0.2304
1.48	1.04	0.1936
1.48	1.08	0.16
1.48	1.12	0.1296
1.48	1.16	0.1024
1.48	1.2	0.0784
1.48	1.24	0.0576
1.48	1.28	0.04
1.48	1.32	0.0256
1.48	1.36	0.0144
1.48	1.4	0.0064
1.48	1.44	0.0016
1.48	1.48	0
1.48	1.52	0.0016
1.48	1.56	0.0064
1.48	1.6	0.0144
1.48	1.64	0.0256
1.48	1.68	0.04
1.48	1.72	0.0576
1.48	1.76	0.0784
1.48	1.8	0.1024
1.48	1.84	0.1296
1.48	1.88	0.16
1.48	1.92	0.1936
1.48	1.96	0.2304
1.48	2	0.2704
1.5	0	2.25
1.5	0.04	2.1316
1.5	0.08	2.0164
1.5	0.12	1.9044
1.5	0.16	1.7956
1.5	0.2	1.69
1.5	0.24	1.5876
1.5	0.28	1.4884
1.5	0.32	1.3924
1.5	0.36	1.2996
1.5	0.4	1.21
1.5	0.44	1.1236
1.5	0.48	1.0404
1.5	0.52	0.9604
1.5	0.56	0.8836
1.5	0.6	0.81
1.5	0.64	0.7396
1.5	0.68	0.6724
1.5	0.72	0.6084
1.5	0.76	0.5476
1.5	0.8	0.49
1.5	0.84	0.4356
1.5	0.88	0.3844
1.5	0.92	0.3364
1.5	0.96	0.2916
1.5	1	0.25
1.5	1.04	0.2116
1.5	1.08	0.1764
1.5	1.12	0.1444
1.5	1.16	0.1156
1.5	1.2	0.09
1.5	1.24	0.0676
1.5	1.28	0.0484
1.5	1.32	0.0324
1.5	1.36	0.0196
1.5	1.4	0.01
1.5	1.44	0.0036
1.5	1.48	0.0004
1.5	1.52	0.0004
1.5	1.56	0.0036
1.5	1.6	0.01
1.5	1.64	0.0196
1.5	1.68	0.0324
1.5	1.72	0.0484
1.5	1.76	0.0676
1.5	1.8	0.09
1.5	1.84	0.1156
1.5	1.88	0.1444
1.5	1.92	0.1764
1.5	1.96	0.2116
1.5	2	0.25
1.52	0	2.3104
1.52	0.04	2.1904
1.52	0.08	2.0736
1.52	0.12	1.96
1.52	0.16	1.8496
1.52	0.2	1.7424
1.52	0.24	1.6384
1.52	0.28	1.5376
1.52	0.32	1.44
1.52	0.36	1.3456
1.52	0.4	1.2544
1.52	0.44	1.1664
1.52	0.48	1.0816
1.52	0.52	1
1.52	0.56	0.9216
1.52	0.6	0.8464
1.52	0.64	0.7744
1.52	0.68	0.7056
1.52	0.72	0.64
1.52	0.76	0.5776
1.52	0.8	0.5184
1.52	0.84	0.4624
1.52	0.88	0.4096
1.52	0.92	0.36
1.52	0.96	0.3136
1.52	1	0.2704
1.52	1.04	0.2304
1.52	1.08	0.1936
1.52	1.12	0.16
1.52	1.16	0.1296
1.52	1.2	0.1024
1.52	1.24	0.0784
1.52	1.28	0.0576
1.52	1.32	0.04
1.52	1.36	0.0256
1.52	1.4	0.0144
1.52	1.44	0.0064
1.52	1.48	0.0016
1.52	1.52	0
1.52	1.56	0.0016
1.52	1.6	0.0064
1.52	1.64	0.0144
1.52	1.68	0.0256
1.52	1.72	0.04
1.52	1.76	0.0576
1.52	1.8	0.0784
1.52	1.84	0.1024
1.52	1.88	0.1296
1.52	1.92	0.16
1.52	1.96	0.1936
1.52	2	0.2304
1.54	0	2.3716
1.54	0.04	2.25
1.54	0.08	2.1316
1.54	0.12	2.0164
1.54	0.16	1.9044
1.54	0.2	1.7956
1.54	0.24	1.69
1.54	0.28	1.5876
1.54	0.32	1.4884
1.54	0.36	1.3924
1.54	0.4	1.2996
1.54	0.44	1.21
1.54	0.48	1.1236
1.54	0.52	1.0404
1.54	0.56	0.9604
1.54	0.6	0.8836
1.54	0.64	0.81
1.54	0.68	0.7396
1.54	0.72	0.6724
1.54	0.76	0.6084
1.54	0.8	0.5476
1.54	0.84	0.49
1.54	0.88	0.4356
1.54	0.92	0.3844
1.54	0.96	0.3364
1.54	1	0.2916
1.54	1.04	0.25
1.54	1.08	0.2116
1.54	1.12	0.1764
1.54	1.16	0.1444
1.54	1.2	0.1156
1.54	1.24	0.09
1.54	1.28	0.0676
1.54	1.32	0.0484
1.54	1.36	0.0324
1.54	1.4	0.0196
1.54	1.44	0.01
1.54	1.48	0.0036
1.54	1.52	0.0004
1.54	1.56	0.0004
1.54	1.6	0.0036
1.54	1.64	0.01
1.54	1.68	0.0196
1.54	1.72	0.0324
1.54	1.76	0.0484
1.54	1.8	0.0676
1.54	1.84	0.09
1.54	1.88	0.1156
1.54	1.92	0.1444
1.54	1.96	0.1764
1.54	2	0.2116
1.56	0	2.4336
1.56	0.04	2.3104
1.56	0.08	2.1904
1.56	0.12	2.0736
1.56	0.16	1.96
1.56	0.2	1.8496
1.56	0.24	1.7424
1.56	0.28	1.6384
1.56	0.32	1.5376
1.56	0.36	1.44
1.56	0.4	1.3456
1.56	0.44	1.2544
1.56	0.48	1.1664
1.56	0.52	1.0816
1.56	0.56	1
1.56	0.6	0.9216
1.56	0.64	0.8464
1.56	0.68	0.7744
1.56	0.72	0.7056
1.56	0.76	0.64
1.56	0.8	0.5776
1.56	0.84	0.5184
1.56	0.88	0.4624
1.56	0.92	0.4096
1.56	0.96	0.36
1.56	1	0.3136
1.56	1.04	0.2704
1.56	1.08	0.2304
1.56	1.12	0.1936
1.56	1.16	0.16
1.56	1.2	0.1296
1.56	1.24	0.1024
1.56	1.28	0.0784
1.56	1.32	0.0576
1.56	1.36	0.04
1.56	1.4	0.0256
1.56	1.44	0.0144
1.56	1.48	0.0064
1.56	1.52	0.0016
1.56	1.56	0
1.56	1.6	0.0016
1.56	1.64	0.0064
1.56	1.68	0.0144
1.56	1.72	0.0256
1.56	1.76	0.04
1.56	1.8	0.0576
1.56	1.84	0.0784
1.56	1.88	0.1024
1.56	1.92	0.1296
1.56	1.96	0.16
1.56	2	0.1936
1.58	0	2.4964
1.58	0.04	2.3716
1.58	0.08	2.25
1.58	0.12	2.1316
1.58	0.16	2.0164
1.58	0.2	1.9044
1.58	0.24	1.7956
1.58	0.28	1.69
1.58	0.32	1.5876
1.58	0.36	1.4884
1.58	0.4	1.3924
1.58	0.44	1.2996
1.58	0.48	1.21
1.58	0.52	1.1236
1.58	0.56	1.0404
1.58	0.6	0.9604
1.58	0.64	0.8836
1.58	0.68	0.81
1.58	0.72	0.7396
1.58	0.76	0.6724
1.58	0.8	0.6084
1.58	0.84	0.5476
1.58	0.88	0.49
1.58	0.92	0.4356
1.58	0.96	0.3844
1.58	1	0.3364
1.58	1.04	0.2916
1.58	1.08	0.25
1.58	1.12	0.2116
1.58	1.16	0.1764
1.58	1.2	0.1444
1.58	1.24	0.1156
1.58	1.28	0.09
1.58	1.32	0.0676
1.58	1.36	0.0484
1.58	1.4	0.0324
1.58	1.44	0.0196
1.58	1.48	0.01
1.58	1.52	0.0036
1.58	1.56	0.0004
1.58	1.6	0.0004
1.58	1.64	0.0036
1.58	1.68	0.01
1.58	1.72	0.0196
1.58	1.76	0.0324
1.58	1.8	0.0484
1.58	1.84	0.0676
1.58	1.88	0.09
1.58	1.92	0.1156
1.58	1.96	0.1444
1.58	2	0.1764
1.6	0	2.56
1.6	0.04	2.4336
1.6	0.08	2.3104
1.6	0.12	2.1904
1.6	0.16	2.0736
1.6	0.2	1.96
1.6	0.24	1.8496
1.6	0.28	1.7424
1.6	0.32	1.6384
1.6	0.36	1.5376
1.6	0.4	1.44
1.6	0.44	1.3456
1.6	0.48	1.2544
1.6	0.52	1.1664
1.6	0.56	1.0816
1.6	0.6	1
1.6	0.64	0.9216
1.6	0.68	0.8464
1.6	0.72	0.7744
1.6	0.76	0.7056
1.6	0.8	0.64
1.6	0.84	0.5776
1.6	0.88	0.5184
1.6	0.92	0.4624
1.6	0.96	0.4096
1.6	1	0.36
1.6	1.04	0.3136
1.6	1.08	0.2704
1.6	1.12	0.2304
1.6	1.16	0.1936
1.6	1.2	0.16
1.6	1.24	0.1296
1.6	1.28	0.1024
1.6	1.32	0.0784
1.6	1.36	0.0576
1.6	1.4	0.04
1.6	1.44	0.0256
1.6	1.48	0.0144
1.6	1.52	0.0064
1.6	1.56	0.0016
1.6	1.6	0
1.6	1.64	0.0016
1.6	1.68	0.0064
1.6	1.72	0.0144
1.6	1.76	0.0256
1.6	1.8	0.04
1.6	1.84	0.0576
1.6	1.88	0.0784
1.6	1.92	0.1024
1.6	1.96	0.1296
1.6	2	0.16
1.62	0	2.6244
1.62	0.04	2.4964
1.62	0.08	2.3716
1.62	0.12	2.25
1.62	0.16	2.1316
1.62	0.2	2.0164
1.62	0.24	1.9044
1.62	0.28	1.7956
1.62	0.32	1.69
1.62	0.36	1.5876
1.62	0.4	1.4884
1.62	0.44	1.3924
1.62	0.48	1.2996
1.62	0.52	1.21
1.62	0.56	1.1236
1.62	0.6	1.0404
1.62	0.64	0.9604
1.62	0.68	0.8836
1.62	0.72	0.81
1.62	0.76	0.7396
1.62	0.8	0.6724
1.62	0.84	0.6084
1.62	0.88	0.5476
1.62	0.92	0.49
1.62	0.96	0.4356
1.62	1	0.3844
1.62	1.04	0.3364
1.62	1.08	0.2916
1.62	1.12	0.25
1.62	1.16	0.2116
1.62	1.2	0.1764
1.62	1.24	0.1444
1.62	1.28	0.1156
1.62	1.32	0.09
1.62	1.36	0.0676
1.62	1.4	0.0484
1.62	1.44	0.0324
1.62	1.48	0.0196
1.62	1.52	0.01
1.62	1.56	0.0036
1.62	1.6	0.0004
1.62	1.64	0.0004
1.62	1.68	0.0036
1.62	1.72	0.01
1.62	1.76	0.0196
1.62	1.8	0.0324
1.62	1.84	0.0484
1.62	1.88	0.0676
1.62	1.92	0.09
1.62	1.96	0.1156
1.62	2	0.1444
1.64	0	2.6896
1.64	0.04	2.56
1.64	0.08	2.4336
1.64	0.12	2.3104
1.64	0.16	2.1904
1.64	0.2	2.0736
1.64	0.24	1.96
1.64	0.28	1.8496
1.64	0.32	1.7424
1.64	0.36	1.6384
1.64	0.4	1.5376
1.64	0.44	1.44
1.64	0.48	1.3456
1.64	0.52	1.2544
1.64	0.56	1.1664
1.64	0.6	1.0816
1.64	0.64	1
1.64	0.68	0.9216
1.64	0.72	0.8464
1.64	0.76	0.7744
1.64	0.8	0.7056
1.64	0.84	0.64
1.64	0.88	0.5776
1.64	0.92	0.5184
1.64	0.96	0.4624
1.64	1	0.4096
1.64	1.04	0.36
1.64	1.08	0.3136
1.64	1.12	0.2704
1.64	1.16	0.2304
1.64	1.2	0.1936
1.64	1.24	0.16
1.64	1.28	0.1296
1.64	1.32	0.1024
1.64	1.36	0.0784
1.64	1.4	0.0576
1.64	1.44	0.04
1.64	1.48	0.0256
1.64	1.52	0.0144
1.64	1.56	0.0064
1.64	1.6	0.0016
1.64	1.64	0
1.64	1.68	0.0016
1.64	1.72	0.0064
1.64	1.76	0.0144
1.64	1.8	0.0256
1.64	1.84	0.04
1.64	1.88	0.0576
1.64	1.92	0.0784
1.64	1.96	0.1024
1.64	2	0.1296
1.66	0	2.7556
1.66	0.04	2.6244
1.66	0.08	2.4964
1.66	0.12	2.3716
1.66	0.16	2.25
1.66	0.2	2.1316
1.66	0.24	2.0164
1.66	0.28	1.9044
1.66	0.32	1.7956
1.66	0.36	1.69
1.66	0.4	1.5876
1.66	0.44	1.4884
1.66	0.48	1.3924
1.66	0.52	1.2996
1.66	0.56	1.21
1.66	0.6	1.1236
1.66	0.64	1.0404
1.66	0.68	0.9604
1.66	0.72	0.8836
1.66	0.76	0.81
1.66	0.8	0.7396
1.66	0.84	0.6724
1.66	0.88	0.6084
1.66	0.92	0.5476
1.66	0.96	0.49
1.66	1	0.4356
1.66	1.04	0.3844
1.66	1.08	0.3364
1.66	1.12	0.2916
1.66	1.16	0.25
1.66	1.2	0.2116
1.66	1.24	0.1764
1.66	1.28	0.1444
1.66	1.32	0.1156
1.66	1.36	0.09
1.66	1.4	0.0676
1.66	1.44	0.0484
1.66	1.48	0.0324
1.66	1.52	0.0196
1.66	1.56	0.01
1.66	1.6	0.0036
1.66	1.64	0.0004
1.66	1.68	0.0004
1.66	1.72	0.0036
1.66	1.76	0.01
1.66	1.8	0.0196
1.66	1.84	0.0324
1.66	1.88	0.0484
1.66	1.92	0.0676
1.66	1.96	0.09
1.66	2	0.1156
1.68	0	2.8224
1.68	0.04	2.6896
1.68	0.08	2.56
1.68	0.12	2.4336
1.68	0.16	2.3104
1.68	0.2	2.1904
1.68	0.24	2.0736
1.68	0.28	1.96
1.68	0.32	1.8496
1.68	0.36	1.7424
1.68	0.4	1.6384
1.68	0.44	1.5376
1.68	0.48	1.44
1.68	0.52	1.3456
1.68	0.56	1.2544
1.68	0.6	1.1664
1.68	0.64	1.0816
1.68	0.68	1
1.68	0.72	0.9216
1.68	0.76	0.8464
1.68	0.8	0.7744
1.68	0.84	0.7056
1.68	0.88	0.64
1.68	0.92	0.5776
1.68	0.96	0.5184
1.68	1	0.4624
1.68	1.04	0.4096
1.68	1.08	0.36
1.68	1.12	0.3136
1.68	1.16	0.2704
1.68	1.2	0.2304
1.68	1.24	0.1936
1.68	1.28	0.16
1.68	1.32	0.1296
1.68	1.36	0.1024
1.68	1.4	0.0784
1.68	1.44	0.0576
1.68	1.48	0.04
1.68	1.52	0.0256
1.68	1.56	0.0144
1.68	1.6	0.0064
1.68	1.64	0.0016
1.68	1.68	4.93038e-32
1.68	1.72	0.0016
1.68	1.76	0.0064
1.68	1.8	0.0144
1.68	1.84	0.0256
1.68	1.88	0.04
1.68	1.92	0.0576
1.68	1.96	0.0784
1.68	2	0.1024
1.7	0	2.89
1.7	0.04	2.7556
1.7	0.08	2.6244
1.7	0.12	2.4964
1.7	0.16	2.3716
1.7	0.2	2.25
1.7	0.24	2.1316
1.7	0.28	2.0164
1.7	0.32	1.9044
1.7	0.36	1.7956
1.7	0.4	1.69
1.7	0.44	1.5876
1.7	0.48	1.4884
1.7	0.52	1.3924
1.7	0.56	1.2996
1.7	0.6	1.21
1.7	0.64	1.1236
1.7	0.68	1.0404
1.7	0.72	0.9604
1.7	0.76	0.8836
1.7	0.8	0.81
1.7	0.84	0.7396
1.7	0.88	0.6724
1.7	0.92	0.6084
1.7	0.96	0.5476
1.7	1	0.49
1.7	1.04	0.4356
1.7	1.08	0.3844
1.7	1.12	0.3364
1.7	1.16	0.2916
1.7	1.2	0.25
1.7	1.24	0.2116
1.7	1.28	0.1764
1.7	1.32	0.1444
1.7	1.36	0.1156
1.7	1.4	0.09
1.7	1.44	0.0676
1.7	1.48	0.0484
1.7	1.52	0.0324
1.7	1.56	0.0196
1.7	1.6	0.01
1.7	1.64	0.0036
1.7	1.68	0.0004
1.7	1.72	0.0004
1.7	1.76	0.0036
1.7	1.8	0.01
1.7	1.84	0.0196
1.7	1.88	0.0324
1.7	1.92	0.0484
1.7	1.96	0.0676
1.7	2	0.09
1.72	0	2.9584
1.72	0.04	2.8224
1.72	0.08	2.6896
1.72	0.12	2.56
1.72	0.16	2.4336
1.72	0.2	2.3104
1.72	0.24	2.1904
1.72	0.28	2.0736
1.72	0.32	1.96
1.72	0.36	1.8496
1.72	0.4	1.7424
1.72	0.44	1.6384
1.72	0.48	1.5376
1.72	0.52	1.44
1.72	0.56	1.3456
1.72	0.6	1.2544
1.72	0.64	1.1664
1.72	0.68	1.0816
1.72	0.72	1
1.72	0.76	0.9216
1.72	0.8	0.8464
1.72	0.84	0.7744
1.72	0.88	0.7056
1.72	0.92	0.64
1.72	0.96	0.5776
1.72	1	0.5184
1.72	1.04	0.4624
1.72	1.08	0.4096
1.72	1.12	0.36
1.72	1.16	0.3136
1.72	1.2	0.2704
1.72	1.24	0.2304
1.72	1.28	0.1936
1.72	1.32	0.16
1.72	1.36	0.1296
1.72	1.4	0.1024
1.72	1.44	0.0784
1.72	1.48	0.0576
1.72	1.52	0.04
1.72	1.56	0.0256
1.72	1.6	0.0144
1.72	1.64	0.0064
1.72	1.68	0.0016
1.72	1.72	0
1.72	1.76	0.0016
1.72	1.8	0.0064
1.72	1.84	0.0144
1.72	1.88	0.0256
1.72	1.92	0.04
1.72	1.96	0.0576
1.72	2	0.0784
1.74	0	3.0276
1.74	0.04	2.89
1.74	0.08	2.7556
1.74	0.12	2.6244
1.74	0.16	2.4964
1.74	0.2	2.3716
1.74	0.24	2.25
1.74	0.28	2.1316
1.74	0.32	2.0164
1.74	0.36	1.9044
1.74	0.4	1.7956
1.74	0.44	1.69
1.74	0.48	1.5876
1.74	0.52	1.4884
1.74	0.56	1.3924
1.74	0.6	1.2996
1.74	0.64	1.21
1.74	0.68	1.1236
1.74	0.72	1.0404
1.74	0.76	0.9604
1.74	0.8	0.8836
1.74	0.84	0.81
1.74	0.88	0.7396
1.74	0.92	0.6724
1.74	0.96	0.6084
1.74	1	0.5476
1.74	1.04	0.49
1.74	1.08	0.4356
1.74	1.12	0.3844
1.74	1.16	0.3364
1.74	1.2	0.2916
1.74	1.24	0.25
1.74	1.28	0.2116
1.74	1.32	0.1764
1.74	1.36	0.1444
1.74	1.4	0.1156
1.74	1.44	0.09
1.74	1.48	0.0676
1.74	1.52	0.0484
1.74	1.56	0.0324
1.74	1.6	0.0196
1.74	1.64	0.01
1.74	1.68	0.0036
1.74	1.72	0.0004
1.74	1.76	0.0004
1.74	1.8	0.0036
1.74	1.84	0.01
1.74	1.88	0.0196
1.74	1.92	0.0324
1.74	1.96	0.0484
1.74	2	0.0676
1.76	0	3.0976
1.76	0.04	2.9584
1.76	0.08	2.8224
1.76	0.12	2.6896
1.76	0.16	2.56
1.76	0.2	2.4336
1.76	0.24	2.3104
1.76	0.28	2.1904
1.76	0.32	2.0736
1.76	0.36	1.96
1.76	0.4	1.8496
1.76	0.44	1.7424
1.76	0.48	1.6384
1.76	0.52	1.5376
1.76	0.56	1.44
1.76	0.6	1.3456
1.76	0.64	1.2544
1.76	0.68	1.1664
1.76	0.72	1.0816
1.76	0.76	1
1.76	0.8	0.9216
1.76	0.84	0.8464
1.76	0.88	0.7744
1.76	0.92	0.7056
1.76	0.96	0.64
1.76	1	0.5776
1.76	1.04	0.5184
1.76	1.08	0.4624
1.76	1.12	0.4096
1.76	1.16	0.36
1.76	1.2	0.3136
1.76	1.24	0.2704
1.76	1.28	0.2304
1.76	1.32	0.1936
1.76	1.36	0.16
1.76	1.4	0.1296
1.76	1.44	0.1024
1.76	1.48	0.0784
1.76	1.52	0.0576
1.76	1.56	0.04
1.76	1.6	0.0256
1.76	1.64	0.0144
1.76	1.68	0.0064
1.76	1.72	0.0016
1.76	1.76	0
1.76	1.8	0.0016
1.76	1.84	0.0064
1.76	1.88	0.0144
1.76	1.92	0.0256
1.76	1.96	0.04
1.76	2	0.0576
1.78	0	3.1684
1.78	0.04	3.0276
1.78	0.08	2.89
1.78	0.12	2.7556
1.78	0.16	2.6244
1.78	0.2	2.4964
1.78	0.24	2.3716
1.78	0.28	2.25
1.78	0.32	2.1316
1.78	0.36	2.0164
1.78	0.4	1.9044
1.78	0.44	1.7956
1.78	0.48	1.69
1.78	0.52	1.5876
1.78	0.56	1.4884
1.78	0.6	1.3924
1.78	0.64	1.2996
1.78	0.68	1.21
1.78	0.72	1.1236
1.78	0.76	1.0404
1.78	0.8	0.9604
1.78	0.84	0.8836
1.78	0.88	0.81
1.78	0.92	0.7396
1.78	0.96	0.6724
1.78	1	0.6084
1.78	1.04	0.5476
1.78	1.08	0.49
1.78	1.12	0.4356
1.78	1.16	0.3844
1.78	1.2	0.3364
1.78	1.24	0.2916
1.78	1.28	0.25
1.78	1.32	0.2116
1.78	1.36	0.1764
1.78	1.4	0.1444
1.78	1.44	0.1156
1.78	1.48	0.09
1.78	1.52	0.0676
1.78	1.56	0.0484
1.78	1.6	0.0324
1.78	1.64	0.0196
1.78	1.68	0.01
1.78	1.72	0.0036
1.78	1.76	0.0004
1.78	1.8	0.0004
1.78	1.84	0.0036
1.78	1.88	0.01
1.78	1.92	0.0196
1.78	1.96	0.0324
1.78	2	0.0484
1.8	0	3.24
1.8	0.04	3.0976
1.8	0.08	2.9584
1.8	0.12	2.8224
1.8	0.16	2.6896
1.8	0.2	2.56
1.8	0.24	2.4336
1.8	0.28	2.3104
1.8	0.32	2.1904
1.8	0.36	2.0736
1.8	0.4	1.96
1.8	0.44	1.8496
1.8	0.48	1.7424
1.8	0.52	1.6384
1.8	0.56	1.5376
1.8	0.6	1.44
1.8	0.64	1.3456
1.8	0.68	1.2544
1.8	0.72	1.1664
1.8	0.76	1.0816
1.8	0.8	1
1.8	0.84	0.9216
1.8	0.88	0.8464
1.8	0.92	0.7744
1.8	0.96	0.7056
1.8	1	0.64
1.8	1.04	0.5776
1.8	1.08	0.5184
1.8	1.12	0.4624
1.8	1.16	0.4096
1.8	1.2	0.36
1.8	1.24	0.3136
1.8	1.28	0.2704
1.8	1.32	0.2304
1.8	1.36	0.1936
1.8	1.4	0.16
1.8	1.44	0.1296
1.8	1.48	0.1024
1.8	1.52	0.0784
1.8	1.56	0.0576
1.8	1.6	0.04
1.8	1.64	0.0256
1.8	1.68	0.0144
1.8	1.72	0.0064
1.8	1.76	0.0016
1.8	1.8	0
1.8	1.84	0.0016
1.8	1.88	0.0064
1.8	1.92	0.0144
1.8	1.96	0.0256
1.8	2	0.04
1.82	0	3.3124
1.82	0.04	3.1684
1.82	0.08	3.0276
1.82	0.12	2.89
1.82	0.16	2.7556
1.82	0.2	2.6244
1.82	0.24	2.4964
1.82	0.28	2.3716
1.82	0.32	2.25
1.82	0.36	2.1316
1.82	0.4	2.0164
1.82	0.44	1.9044
1.82	0.48	1.7956
1.82	0.52	1.69
1.82	0.56	1.5876
1.82	0.6	1.4884
1.82	0.64	1.3924
1.82	0.68	1.2996
1.82	0.72	1.21
1.82	0.76	1.1236
1.82	0.8	1.0404
1.82	0.84	0.9604
1.82	0.88	0.8836
1.82	0.92	0.81
1.82	0.96	0.7396
1.82	1	0.6724
1.82	1.04	0.6084
1.82	1.08	0.5476
1.82	1.12	0.49
1.82	1.16	0.4356
1.82	1.2	0.3844
1.82	1.24	0.3364
1.82	1.28	0.2916
1.82	1.32	0.25
1.82	1.36	0.2116
1.82	1.4	0.1764
1.82	1.44	0.1444
1.82	1.48	0.1156
1.82	1.52	0.09
1.82	1.56	0.0676
1.82	1.6	0.0484
1.82	1.64	0.0324
1.82	1.68	0.0196
1.82	1.72	0.01
1.82	1.76	0.0036
1.82	1.8	0.0004
1.82	1.84	0.0004
1.82	1.88	0.0036
1.82	1.92	0.01
1.82	1.96	0.0196
1.82	2	0.0324
1.84	0	3.3856
1.84	0.04	3.24
1.84	0.08	3.0976
1.84	0.12	2.9584
1.84	0.16	2.8224
1.84	0.2	2.6896
1.84	0.24	2.56
1.84	0.28	2.4336
1.84	0.32	2.3104
1.84	0.36	2.1904
1.84	0.4	2.0736
1.84	0.44	1.96
1.84	0.48	1.8496
1.84	0.52	1.7424
1.84	0.56	1.6384
1.84	0.6	1.5376
1.84	0.64	1.44
1.84	0.68	1.3456
1.84	0.72	1.2544
1.84	0.76	1.1664
1.84	0.8	1.0816
1.84	0.84	1
1.84	0.88	0.9216
1.84	0.92	0.8464
1.84	0.96	0.7744
1.84	1	0.7056
1.84	1.04	0.64
1.84	1.08	0.5776
1.84	1.12	0.5184
1.84	1.16	0.4624
1.84	1.2	0.4096
1.84	1.24	0.36
1.84	1.28	0.3136
1.84	1.32	0.2704
1.84	1.36	0.2304
1.84	1.4	0.1936
1.84	1.44	0.16
1.84	1.48	0.1296
1.84	1.52	0.1024
1.84	1.56	0.0784
1.84	1.6	0.0576
1.84	1.64	0.04
1.84	1.68	0.0256
1.84	1.72	0.0144
1.84	1.76	0.0064
1.84	1.8	0.0016
1.84	1.84	4.93038e-32
1.84	1.88	0.0016
1.84	1.92	0.0064
1.84	1.96	0.0144
1.84	2	0.0256
1.86	0	3.4596
1.86	0.04	3.3124
1.86	0.08	3.1684
1.86	0.12	3.0276
1.86	0.16	2.89
1.86	0.2	2.7556
1.86	0.24	2.6244
1.86	0.28	2.4964
1.86	0.32	2.3716
1.86	0.36	2.25
1.86	0.4	2.1316
1.86	0.44	2.0164
1.86	0.48	1.9044
1.86	0.52	1.7956
1.86	0.56	1.69
1.86	0.6	1.5876
1.86	0.64	1.4884
1.86	0.68	1.3924
1.86	0.72	1.2996
1.86	0.76	1.21
1.86	0.8	1.1236
1.86	0.84	1.0404
1.86	0.88	0.9604
1.86	0.92	0.8836
1.86	0.96	0.81
1.86	1	0.7396
1.86	1.04	0.6724
1.86	1.08	0.6084
1.86	1.12	0.5476
1.86	1.16	0.49
1.86	1.2	0.4356
1.86	1.24	0.3844
1.86	1.28	0.3364
1.86	1.32	0.2916
1.86	1.36	0.25
1.86	1.4	0.2116
1.86	1.44	0.1764
1.86	1.48	0.1444
1.86	1.52	0.1156
1.86	1.56	0.09
1.86	1.6	0.0676
1.86	1.64	0.0484
1.86	1.68	0.0324
1.86	1.72	0.0196
1.86	1.76	0.01
1.86	1.8	0.0036
1.86	1.84	0.0004
1.86	1.88	0.0004
1.86	1.92	0.0036
1.86	1.96	0.01
1.86	2	0.0196
1.88	0	3.5344
1.88	0.04	3.3856
1.88	0.08	3.24
1.88	0.12	3.0976
1.88	0.16	2.9584
1.88	0.2	2.8224
1.88	0.24	2.6896
1.88	0.28	2.56
1.88	0.32	2.4336
1.88	0.36	2.3104
1.88	0.4	2.1904
1.88	0.44	2.0736
1.88	0.48	1.96
1.88	0.52	1.8496
1.88	0.56	1.7424
1.88	0.6	1.6384
1.88	0.64	1.5376
1.88	0.68	1.44
1.88	0.72	1.3456
1.88	0.76	1.2544
1.88	0.8	1.1664
1.88	0.84	1.0816
1.88	0.88	1
1.88	0.92	0.9216
1.88	0.96	0.8464
1.88	1	0.7744
1.88	1.04	0.7056
1.88	1.08	0.64
1.88	1.12	0.5776
1.88	1.16	0.5184
1.88	1.2	0.4624
1.88	1.24	0.4096
1.88	1.28	0.36
1.88	1.32	0.3136
1.88	1.36	0.2704
1.88	1.4	0.2304
1.88	1.44	0.1936
1.88	1.48	0.16
1.88	1.52	0.1296
1.88	1.56	0.1024
1.88	1.6	0.0784
1.88	1.64	0.0576
1.88	1.68	0.04
1.88	1.72	0.0256
1.88	1.76	0.0144
1.88	1.8	0.0064
1.88	1.84	0.0016
1.88	1.88	4.93038e-32
1.88	1.92	0.0016
1.88	1.96	0.0064
1.88	2	0.0144
1.9	0	3.61
1.9	0.04	3.4596
1.9	0.08	3.3124
1.9	0.12	3.1684
1.9	0.16	3.0276
1.9	0.2	2.89
1.9	0.24	2.7556
1.9	0.28	2.6244
1.9	0.32	2.4964
1.9	0.36	2.3716
1.9	0.4	2.25
1.9	0.44	2.1316
1.9	0.48	2.0164
1.9	0.52	1.9044
1.9	0.56	1.7956
1.9	0.6	1.69
1.9	0.64	1.5876
1.9	0.68	1.4884
1.9	0.72	1.3924
1.9	0.76	1.2996
1.9	0.8	1.21
1.9	0.84	1.1236
1.9	0.88	1.0404
1.9	0.92	0.9604
1.9	0.96	0.8836
1.9	1	0.81
1.9	1.04	0.7396
1.9	1.08	0.6724
1.9	1.12	0.6084
1.9	1.16	0.5476
1.9	1.2	0.49
1.9	1.24	0.4356
1.9	1.28	0.3844
1.9	1.32	0.3364
1.9	1.36	0.2916
1.9	1.4	0.25
1.9	1.44	0.2116
1.9	1.48	0.1764
1.9	1.52	0.1444
1.9	1.56	0.1156
1.9	1.6	0.09
1.9	1.64	0.0676
1.9	1.68	0.0484
1.9	1.72	0.0324
1.9	1.76	0.0196
1.9	1.8	0.01
1.9	1.84	0.0036
1.9	1.88	0.0004
1.9	1.92	0.0004
1.9	1.96	0.0036
1.9	2	0.01
1.92	0	3.6864
1.92	0.04	3.5344
1.92	0.08	3.3856
1.92	0.12	3.24
1.92	0.16	3.0976
1.92	0.2	2.9584
1.92	0.24	2.8224
1.92	0.28	2.6896
1.92	0.32	2.56
1.92	0.36	2.4336
1.92	0.4	2.3104
1.92	0.44	2.1904
1.92	0.48	2.0736
1.92	0.52	1.96
1.92	0.56	1.8496
1.92	0.6	1.7424
1.92	0.64	1.6384
1.92	0.68	1.5376
1.92	0.72	1.44
1.92	0.76	1.3456
1.92	0.8	1.2544
1.92	0.84	1.1664
1.92	0.88	1.0816
1.92	0.92	1
1.92	0.96	0.9216
1.92	1	0.8464
1.92	1.04	0.7744
1.92	1.08	0.7056
1.92	1.12	0.64
1.92	1.16	0.5776
1.92	1.2	0.5184
1.92	1.24	0.4624
1.92	1.28	0.4096
1.92	1.32	0.36
1.92	1.36	0.3136
1.92	1.4	0.2704
1.92	1.44	0.2304
1.92	1.48	0.1936
1.92	1.52	0.16
1.92	1.56	0.1296
1.92	1.6	0.1024
1.92	1.64	0.0784
1.92	1.68	0.0576
1.92	1.72	0.04
1.92	1.76	0.0256
1.92	1.8	0.0144
1.92	1.84	0.0064
1.92	1.88	0.0016
1.92	1.92	0
1.92	1.96	0.0016
1.92	2	0.0064
1.94	0	3.7636
1.94	0.04	3.61
1.94	0.08	3.4596
1.94	0.12	3.3124
1.94	0.16	3.1684
1.94	0.2	3.0276
1.94	0.24	2.89
1.94	0.28	2.7556
1.94	0.32	2.6244
1.94	0.36	2.4964
1.94	0.4	2.3716
1.94	0.44	2.25
1.94	0.48	2.1316
1.94	0.52	2.0164
1.94	0.56	1.9044
1.94	0.6	1.7956
1.94	0.64	1.69
1.94	0.68	1.5876
1.94	0.72	1.4884
1.94	0.76	1.3924
1.94	0.8	1.2996
1.94	0.84	1.21
1.94	0.88	1.1236
1.94	0.92	1.0404
1.94	0.96	0.9604
1.94	1	0.8836
1.94	1.04	0.81
1.94	1.08	0.7396
1.94	1.12	0.6724
1.94	1.16	0.6084
1.94	1.2	0.5476
1.94	1.24	0.49
1.94	1.28	0.4356
1.94	1.32	0.3844
1.94	1.36	0.3364
1.94	1.4	0.2916
1.94	1.44	0.25
1.94	1.48	0.2116
1.94	1.52	0.1764
1.94	1.56	0.1444
1.94	1.6	0.1156
1.94	1.64	0.09
1.94	1.68	0.0676
1.94	1.72	0.0484
1.94	1.76	0.0324
1.94	1.8	0.0196
1.94	1.84	0.01
1.94	1.88	0.0036
1.94	1.92	0.0004
1.94	1.96	0.0004
1.94	2	0.0036
1.96	0	3.8416
1.96	0.04	3.6864
1.96	0.08	3.5344
1.96	0.12	3.3856
1.96	0.16	3.24
1.96	0.2	3.0976
1.96	0.24	2.9584
1.96	0.28	2.8224
1.96	0.32	2.6896
1.96	0.36	2.56
1.96	0.4	2.4336
1.96	0.44	2.3104
1.96	0.48	2.1904
1.96	0.52	2.0736
1.96	0.56	1.96
1.96	0.6	1.8496
1.96	0.64	1.7424
1.96	0.68	1.6384
1.96	0.72	1.5376
1.96	0.76	1.44
1.96	0.8	1.3456
1.96	0.84	1.2544
1.96	0.88	1.1664
1.96	0.92	1.0816
1.96	0.96	1
1.96	1	0.9216
1.96	1.04	0.8464
1.96	1.08	0.7744
1.96	1.12	0.7056
1.96	1.16	0.64
1.96	1.2	0.5776
1.96	1.24	0.5184
1.96	1.28	0.4624
1.96	1.32	0.4096
1.96	1.36	0.36
1.96	1.4	0.3136
1.96	1.44	0.2704
1.96	1.48	0.2304
1.96	1.52	0.1936
1.96	1.56	0.16
1.96	1.6	0.1296
1.96	1.64	0.1024
1.96	1.68	0.0784
1.96	1.72	0.0576
1.96	1.76	0.04
1.96	1.8	0.0256
1.96	1.84	0.0144
1.96	1.88	0.0064
1.96	1.92	0.0016
1.96	1.96	0
1.96	2	0.0016
1.98	0	3.9204
1.98	0.04	3.7636
1.98	0.08	3.61
1.98	0.12	3.4596
1.98	0.16	3.3124
1.98	0.2	3.1684
1.98	0.24	3.0276
1.98	0.28	2.89
1.98	0.32	2.7556
1.98	0.36	2.6244
1.98	0.4	2.4964
1.98	0.44	2.3716
1.98	0.48	2.25
1.98	0.52	2.1316
1.98	0.56	2.0164
1.98	0.6	1.9044
1.98	0.64	1.7956
1.98	0.68	1.69
1.98	0.72	1.5876
1.98	0.76	1.4884
1.98	0.8	1.3924
1.98	0.84	1.2996
1.98	0.88	1.21
1.98	0.92	1.1236
1.98	0.96	1.0404
1.98	1	0.9604
1.98	1.04	0.8836
1.98	1.08	0.81
1.98	1.12	0.7396
1.98	1.16	0.6724
1.98	1.2	0.6084
1.98	1.24	0.5476
1.98	1.28	0.49
1.98	1.32	0.4356
1.98	1.36	0.3844
1.98	1.4	0.3364
1.98	1.44	0.2916
1.98	1.48	0.25
1.98	1.52	0.2116
1.98	1.56	0.1764
1.98	1.6	0.1444
1.98	1.64	0.1156
1.98	1.68	0.09
1.98	1.72	0.0676
1.98	1.76	0.0484
1.98	1.8	0.0324
1.98	1.84	0.0196
1.98	1.88	0.01
1.98	1.92	0.0036
1.98	1.96	0.0004
1.98	2	0.0004
2	0	4
2	0.04	3.8416
2	0.08	3.6864
2	0.12	3.5344
2	0.16	3.3856
2	0.2	3.24
2	0.24	3.0976
2	0.28	2.9584
2	0.32	2.8224
2	0.36	2.6896
2	0.4	2.56
2	0.44	2.4336
2	0.48	2.3104
2	0.52	2.1904
2	0.56	2.0736
2	0.6	1.96
2	0.64	1.8496
2	0.68	1.7424
2	0.72	1.6384
2	0.76	1.5376
2	0.8	1.44
2	0.84	1.3456
2	0.88	1.2544
2	0.92	1.1664
2	0.96	1.0816
2	1	1
2	1.04	0.9216
2	1.08	0.8464
2	1.12	0.7744
2	1.16	0.7056
2	1.2	0.64
2	1.24	0.5776
2	1.28	0.5184
2	1.32	0.4624
2	1.36	0.4096
2	1.4	0.36
2	1.44	0.3136
2	1.48	0.2704
2	1.52	0.2304
2	1.56	0.1936
2	1.6	0.16
2	1.64	0.1296
2	1.68	0.1024
2	1.72	0.0784
2	1.76	0.0576
2	1.8	0.04
2	1.84	0.0256
2	1.88	0.0144
2	1.92	0.0064
2	1.96	0.0016
2	2	0
