1	0	0
1	0.02	0.00039992
1	0.04	0.00159872
1	0.06	0.00359354
1	0.08	0.00637961
1	0.1	0.00995033
1	0.12	0.0142973
1	0.14	0.0194104
1	0.16	0.0252778
1	0.18	0.0318862
1	0.2	0.0392207
1	0.22	0.0472652
1	0.24	0.0560022
1	0.26	0.0654131
1	0.28	0.0754785
1	0.3	0.0861777
1	0.32	0.0974896
1	0.34	0.109392
1	0.36	0.121864
1	0.38	0.13488
1	0.4	0.14842
1	0.42	0.162459
1	0.44	0.176974
1	0.46	0.191942
1	0.48	0.207339
1	0.5	0.223144
1	0.52	0.239332
1	0.54	0.255882
1	0.56	0.272771
1	0.58	0.289979
1	0.6	0.307485
1	0.62	0.325267
1	0.64	0.343306
1	0.66	0.361583
1	0.68	0.380079
1	0.7	0.398776
1	0.72	0.417657
1	0.74	0.436705
1	0.76	0.455905
1	0.78	0.47524
1	0.8	0.494696
1	0.82	0.51426
1	0.84	0.533917
1	0.86	0.553655
1	0.88	0.573462
1	0.9	0.593327
1	0.92	0.613238
1	0.94	0.633185
1	0.96	0.653158
1	0.98	0.673149
1	1	0.693147
1.02	0	0.0396053
1.02	0.02	0.0399882
1.02	0.04	0.0411391
1.02	0.06	0.0430554
1.02	0.08	0.0457326
1.02	0.1	0.0491646
1.02	0.12	0.0533437
1.02	0.14	0.0582604
1.02	0.16	0.0639039
1.02	0.18	0.0702617
1.02	0.2	0.0773202
1.02	0.22	0.0850642
1.02	0.24	0.0934777
1.02	0.26	0.102543
1.02	0.28	0.112243
1.02	0.3	0.122557
1.02	0.32	0.133466
1.02	0.34	0.14495
1.02	0.36	0.156988
1.02	0.38	0.169558
1.02	0.4	0.182638
1.02	0.42	0.196208
1.02	0.44	0.210244
1.02	0.46	0.224726
1.02	0.48	0.23963
1.02	0.5	0.254936
1.02	0.52	0.270621
1.02	0.54	0.286665
1.02	0.56	0.303047
1.02	0.58	0.319746
1.02	0.6	0.336743
1.02	0.62	0.354016
1.02	0.64	0.371549
1.02	0.66	0.389322
1.02	0.68	0.407317
1.02	0.7	0.425516
1.02	0.72	0.443904
1.02	0.74	0.462464
1.02	0.76	0.48118
1.02	0.78	0.500038
1.02	0.8	0.519023
1.02	0.82	0.538121
1.02	0.84	0.55732
1.02	0.86	0.576607
1.02	0.88	0.59597
1.02	0.9	0.615397
1.02	0.92	0.634879
1.02	0.94	0.654404
1.02	0.96	0.673963
1.02	0.98	0.693546
1.02	1	0.713146
1.04	0	0.0784414
1.04	0.02	0.0788083
1.04	0.04	0.0799142
1.04	0.06	0.0817564
1.04	0.08	0.0843309
1.04	0.1	0.087632
1.04	0.12	0.0916525
1.04	0.14	0.0963838
1.04	0.16	0.101816
1.04	0.18	0.107937
1.04	0.2	0.114734
1.04	0.22	0.122194
1.04	0.24	0.130301
1.04	0.26	0.13904
1.04	0.28	0.148392
1.04	0.3	0.158341
1.04	0.32	0.168869
1.04	0.34	0.179955
1.04	0.36	0.19158
1.04	0.38	0.203725
1.04	0.4	0.216368
1.04	0.42	0.22949
1.04	0.44	0.24307
1.04	0.46	0.257086
1.04	0.48	0.271519
1.04	0.5	0.286348
1.04	0.52	0.301552
1.04	0.54	0.317111
1.04	0.56	0.333006
1.04	0.58	0.349216
1.04	0.6	0.365723
1.04	0.62	0.382508
1.04	0.64	0.399552
1.04	0.66	0.416839
1.04	0.68	0.43435
1.04	0.7	0.452069
1.04	0.72	0.469979
1.04	0.74	0.488066
1.04	0.76	0.506314
1.04	0.78	0.524709
1.04	0.8	0.543236
1.04	0.82	0.561883
1.04	0.84	0.580636
1.04	0.86	0.599483
1.04	0.88	0.618413
1.04	0.9	0.637414
1.04	0.92	0.656476
1.04	0.94	0.675589
1.04	0.96	0.694742
1.04	0.98	0.713928
1.04	1	0.733137
1.06	0	0.116538
1.06	0.02	0.11689
1.06	0.04	0.117953
1.06	0.06	0.119725
1.06	0.08	0.122203
1.06	0.1	0.12538
1.06	0.12	0.129251
1.06	0.14	0.133807
1.06	0.16	0.139039
1.06	0.18	0.144936
1.06	0.2	0.151486
1.06	0.22	0.158677
1.06	0.24	0.166494
1.06	0.26	0.174922
1.06	0.28	0.183946
1.06	0.3	0.193548
1.06	0.32	0.203712
1.06	0.34	0.21442
1.06	0.36	0.225653
1.06	0.38	0.237393
1.06	0.4	0.24962
1.06	0.42	0.262315
1.06	0.44	0.275459
1.06	0.46	0.289031
1.06	0.48	0.303013
1.06	0.5	0.317385
1.06	0.52	0.332128
1.06	0.54	0.347222
1.06	0.56	0.362649
1.06	0.58	0.378389
1.06	0.6	0.394426
1.06	0.62	0.41074
1.06	0.64	0.427314
1.06	0.66	0.444131
1.06	0.68	0.461175
1.06	0.7	0.47843
1.06	0.72	0.495879
1.06	0.74	0.513508
1.06	0.76	0.531302
1.06	0.78	0.549247
1.06	0.8	0.56733
1.06	0.82	0.585537
1.06	0.84	0.603857
1.06	0.86	0.622276
1.06	0.88	0.640784
1.06	0.9	0.65937
1.06	0.92	0.678023
1.06	0.94	0.696733
1.06	0.96	0.71549
1.06	0.98	0.734286
1.06	1	0.753113
1.08	0	0.153922
1.08	0.02	0.15426
1.08	0.04	0.155283
1.08	0.06	0.156989
1.08	0.08	0.159374
1.08	0.1	0.162435
1.08	0.12	0.166164
1.08	0.14	0.170554
1.08	0.16	0.175597
1.08	0.18	0.181281
1.08	0.2	0.187598
1.08	0.22	0.194533
1.08	0.24	0.202075
1.08	0.26	0.210209
1.08	0.28	0.21892
1.08	0.3	0.228194
1.08	0.32	0.238013
1.08	0.34	0.248361
1.08	0.36	0.259221
1.08	0.38	0.270574
1.08	0.4	0.282404
1.08	0.42	0.294692
1.08	0.44	0.307419
1.08	0.46	0.320567
1.08	0.48	0.334118
1.08	0.5	0.348053
1.08	0.52	0.362353
1.08	0.54	0.377001
1.08	0.56	0.391978
1.08	0.58	0.407268
1.08	0.6	0.422851
1.08	0.62	0.438712
1.08	0.64	0.454832
1.08	0.66	0.471197
1.08	0.68	0.48779
1.08	0.7	0.504596
1.08	0.72	0.521599
1.08	0.74	0.538785
1.08	0.76	0.556139
1.08	0.78	0.573649
1.08	0.8	0.5913
1.08	0.82	0.609081
1.08	0.84	0.626978
1.08	0.86	0.644981
1.08	0.88	0.663078
1.08	0.9	0.681259
1.08	0.92	0.699512
1.08	0.94	0.717829
1.08	0.96	0.736199
1.08	0.98	0.754615
1.08	1	0.773067
1.1	0	0.19062
1.1	0.02	0.190945
1.1	0.04	0.191929
1.1	0.06	0.193573
1.1	0.08	0.195872
1.1	0.1	0.198821
1.1	0.12	0.202416
1.1	0.14	0.206649
1.1	0.16	0.211512
1.1	0.18	0.216996
1.1	0.2	0.22309
1.1	0.22	0.229784
1.1	0.24	0.237065
1.1	0.26	0.244919
1.1	0.28	0.253334
1.1	0.3	0.262294
1.1	0.32	0.271785
1.1	0.34	0.28179
1.1	0.36	0.292294
1.1	0.38	0.30328
1.1	0.4	0.314731
1.1	0.42	0.32663
1.1	0.44	0.338959
1.1	0.46	0.351701
1.1	0.48	0.364839
1.1	0.5	0.378355
1.1	0.52	0.392231
1.1	0.54	0.406451
1.1	0.56	0.420997
1.1	0.58	0.435852
1.1	0.6	0.451
1.1	0.62	0.466424
1.1	0.64	0.482108
1.1	0.66	0.498036
1.1	0.68	0.514194
1.1	0.7	0.530565
1.1	0.72	0.547136
1.1	0.74	0.563893
1.1	0.76	0.580821
1.1	0.78	0.597908
1.1	0.8	0.615141
1.1	0.82	0.632507
1.1	0.84	0.649995
1.1	0.86	0.667592
1.1	0.88	0.685289
1.1	0.9	0.703075
1.1	0.92	0.720939
1.1	0.94	0.738871
1.1	0.96	0.756864
1.1	0.98	0.774907
1.1	1	0.792993
1.12	0	0.226657
1.12	0.02	0.226969
1.12	0.04	0.227918
1.12	0.06	0.229502
1.12	0.08	0.231718
1.12	0.1	0.234563
1.12	0.12	0.238031
1.12	0.14	0.242115
1.12	0.16	0.246808
1.12	0.18	0.252101
1.12	0.2	0.257985
1.12	0.22	0.264448
1.12	0.24	0.271481
1.12	0.26	0.27907
1.12	0.28	0.287202
1.12	0.3	0.295865
1.12	0.32	0.305043
1.12	0.34	0.314722
1.12	0.36	0.324887
1.12	0.38	0.335521
1.12	0.4	0.346611
1.12	0.42	0.358138
1.12	0.44	0.370086
1.12	0.46	0.38244
1.12	0.48	0.395183
1.12	0.5	0.408297
1.12	0.52	0.421767
1.12	0.54	0.435575
1.12	0.56	0.449707
1.12	0.58	0.464145
1.12	0.6	0.478873
1.12	0.62	0.493876
1.12	0.64	0.509139
1.12	0.66	0.524646
1.12	0.68	0.540383
1.12	0.7	0.556336
1.12	0.72	0.572489
1.12	0.74	0.58883
1.12	0.76	0.605346
1.12	0.78	0.622023
1.12	0.8	0.638849
1.12	0.82	0.655812
1.12	0.84	0.672901
1.12	0.86	0.690105
1.12	0.88	0.707412
1.12	0.9	0.724812
1.12	0.92	0.742296
1.12	0.94	0.759854
1.12	0.96	0.777477
1.12	0.98	0.795157
1.12	1	0.812884
1.14	0	0.262057
1.14	0.02	0.262356
1.14	0.04	0.26327
1.14	0.06	0.264798
1.14	0.08	0.266937
1.14	0.1	0.269682
1.14	0.12	0.273029
1.14	0.14	0.276972
1.14	0.16	0.281503
1.14	0.18	0.286615
1.14	0.2	0.292299
1.14	0.22	0.298544
1.14	0.24	0.305341
1.14	0.26	0.312677
1.14	0.28	0.320541
1.14	0.3	0.32892
1.14	0.32	0.3378
1.14	0.34	0.347168
1.14	0.36	0.35701
1.14	0.38	0.367309
1.14	0.4	0.378053
1.14	0.42	0.389225
1.14	0.44	0.40081
1.14	0.46	0.412792
1.14	0.48	0.425155
1.14	0.5	0.437885
1.14	0.52	0.450964
1.14	0.54	0.464378
1.14	0.56	0.478111
1.14	0.58	0.492147
1.14	0.6	0.506472
1.14	0.62	0.52107
1.14	0.64	0.535927
1.14	0.66	0.551028
1.14	0.68	0.566358
1.14	0.7	0.581905
1.14	0.72	0.597655
1.14	0.74	0.613593
1.14	0.76	0.629709
1.14	0.78	0.645988
1.14	0.8	0.66242
1.14	0.82	0.678992
1.14	0.84	0.695694
1.14	0.86	0.712513
1.14	0.88	0.729441
1.14	0.9	0.746467
1.14	0.92	0.76358
1.14	0.94	0.780773
1.14	0.96	0.798035
1.14	0.98	0.815359
1.14	1	0.832735
1.16	0	0.29684
1.16	0.02	0.297128
1.16	0.04	0.29801
1.16	0.06	0.299484
1.16	0.08	0.301549
1.16	0.1	0.3042
1.16	0.12	0.307432
1.16	0.14	0.311241
1.16	0.16	0.315619
1.16	0.18	0.320559
1.16	0.2	0.326052
1.16	0.22	0.33209
1.16	0.24	0.338662
1.16	0.26	0.345758
1.16	0.28	0.353366
1.16	0.3	0.361475
1.16	0.32	0.370071
1.16	0.34	0.379142
1.16	0.36	0.388675
1.16	0.38	0.398655
1.16	0.4	0.409068
1.16	0.42	0.4199
1.16	0.44	0.431137
1.16	0.46	0.442762
1.16	0.48	0.454763
1.16	0.5	0.467123
1.16	0.52	0.479828
1.16	0.54	0.492863
1.16	0.56	0.506213
1.16	0.58	0.519863
1.16	0.6	0.533799
1.16	0.62	0.548007
1.16	0.64	0.562471
1.16	0.66	0.57718
1.16	0.68	0.592118
1.16	0.7	0.607273
1.16	0.72	0.622631
1.16	0.74	0.638181
1.16	0.76	0.653908
1.16	0.78	0.669802
1.16	0.8	0.685851
1.16	0.82	0.702043
1.16	0.84	0.718368
1.16	0.86	0.734815
1.16	0.88	0.751373
1.16	0.9	0.768033
1.16	0.92	0.784786
1.16	0.94	0.801621
1.16	0.96	0.818531
1.16	0.98	0.835507
1.16	1	0.852541
1.18	0	0.331029
1.18	0.02	0.331306
1.18	0.04	0.332157
1.18	0.06	0.333581
1.18	0.08	0.335575
1.18	0.1	0.338136
1.18	0.12	0.34126
1.18	0.14	0.344941
1.18	0.16	0.349173
1.18	0.18	0.353949
1.18	0.2	0.359262
1.18	0.22	0.365102
1.18	0.24	0.371461
1.18	0.26	0.378327
1.18	0.28	0.385692
1.18	0.3	0.393543
1.18	0.32	0.401868
1.18	0.34	0.410656
1.18	0.36	0.419894
1.18	0.38	0.429568
1.18	0.4	0.439665
1.18	0.42	0.450172
1.18	0.44	0.461075
1.18	0.46	0.47236
1.18	0.48	0.484012
1.18	0.5	0.496018
1.18	0.52	0.508363
1.18	0.54	0.521033
1.18	0.56	0.534015
1.18	0.58	0.547293
1.18	0.6	0.560855
1.18	0.62	0.574686
1.18	0.64	0.588773
1.18	0.66	0.603103
1.18	0.68	0.617662
1.18	0.7	0.632438
1.18	0.72	0.647418
1.18	0.74	0.66259
1.18	0.76	0.677942
1.18	0.78	0.693462
1.18	0.8	0.709139
1.18	0.82	0.724963
1.18	0.84	0.740921
1.18	0.86	0.757005
1.18	0.88	0.773203
1.18	0.9	0.789508
1.18	0.92	0.805908
1.18	0.94	0.822395
1.18	0.96	0.838962
1.18	0.98	0.855598
1.18	1	0.872297
1.2	0	0.364643
1.2	0.02	0.36491
1.2	0.04	0.365732
1.2	0.06	0.367107
1.2	0.08	0.369035
1.2	0.1	0.37151
1.2	0.12	0.374531
1.2	0.14	0.37809
1.2	0.16	0.382184
1.2	0.18	0.386804
1.2	0.2	0.391944
1.2	0.22	0.397596
1.2	0.24	0.403751
1.2	0.26	0.4104
1.2	0.28	0.417532
1.2	0.3	0.425137
1.2	0.32	0.433204
1.2	0.34	0.441721
1.2	0.36	0.450677
1.2	0.38	0.460059
1.2	0.4	0.469854
1.2	0.42	0.480049
1.2	0.44	0.490633
1.2	0.46	0.50159
1.2	0.48	0.512909
1.2	0.5	0.524574
1.2	0.52	0.536574
1.2	0.54	0.548894
1.2	0.56	0.561521
1.2	0.58	0.574442
1.2	0.6	0.587643
1.2	0.62	0.601111
1.2	0.64	0.614834
1.2	0.66	0.628798
1.2	0.68	0.642991
1.2	0.7	0.6574
1.2	0.72	0.672014
1.2	0.74	0.686821
1.2	0.76	0.701808
1.2	0.78	0.716966
1.2	0.8	0.732282
1.2	0.82	0.747747
1.2	0.84	0.76335
1.2	0.86	0.77908
1.2	0.88	0.794929
1.2	0.9	0.810886
1.2	0.92	0.826943
1.2	0.94	0.843091
1.2	0.96	0.859322
1.2	0.98	0.875627
1.2	1	0.891998
1.22	0	0.397702
1.22	0.02	0.397958
1.22	0.04	0.398752
1.22	0.06	0.400082
1.22	0.08	0.401946
1.22	0.1	0.404341
1.22	0.12	0.407262
1.22	0.14	0.410707
1.22	0.16	0.414668
1.22	0.18	0.41914
1.22	0.2	0.424116
1.22	0.22	0.429589
1.22	0.24	0.43555
1.22	0.26	0.44199
1.22	0.28	0.4489
1.22	0.3	0.45627
1.22	0.32	0.46409
1.22	0.34	0.472349
1.22	0.36	0.481035
1.22	0.38	0.490137
1.22	0.4	0.499643
1.22	0.42	0.509541
1.22	0.44	0.519818
1.22	0.46	0.530461
1.22	0.48	0.541459
1.22	0.5	0.552798
1.22	0.52	0.564466
1.22	0.54	0.576449
1.22	0.56	0.588735
1.22	0.58	0.601311
1.22	0.6	0.614165
1.22	0.62	0.627283
1.22	0.64	0.640654
1.22	0.66	0.654264
1.22	0.68	0.668103
1.22	0.7	0.682158
1.22	0.72	0.696418
1.22	0.74	0.710871
1.22	0.76	0.725506
1.22	0.78	0.740311
1.22	0.8	0.755278
1.22	0.82	0.770394
1.22	0.84	0.785651
1.22	0.86	0.801038
1.22	0.88	0.816546
1.22	0.9	0.832165
1.22	0.92	0.847888
1.22	0.94	0.863705
1.22	0.96	0.879608
1.22	0.98	0.895589
1.22	1	0.91164
1.24	0	0.430223
1.24	0.02	0.43047
1.24	0.04	0.431238
1.24	0.06	0.432524
1.24	0.08	0.434327
1.24	0.1	0.436644
1.24	0.12	0.439472
1.24	0.14	0.442806
1.24	0.16	0.446642
1.24	0.18	0.450972
1.24	0.2	0.455792
1.24	0.22	0.461094
1.24	0.24	0.466869
1.24	0.26	0.473111
1.24	0.28	0.479809
1.24	0.3	0.486955
1.24	0.32	0.494539
1.24	0.34	0.502551
1.24	0.36	0.510979
1.24	0.38	0.519813
1.24	0.4	0.529042
1.24	0.42	0.538654
1.24	0.44	0.548637
1.24	0.46	0.55898
1.24	0.48	0.56967
1.24	0.5	0.580695
1.24	0.52	0.592043
1.24	0.54	0.603703
1.24	0.56	0.61566
1.24	0.58	0.627904
1.24	0.6	0.640423
1.24	0.62	0.653204
1.24	0.64	0.666235
1.24	0.66	0.679504
1.24	0.68	0.693001
1.24	0.7	0.706713
1.24	0.72	0.72063
1.24	0.74	0.73474
1.24	0.76	0.749033
1.24	0.78	0.763497
1.24	0.8	0.778124
1.24	0.82	0.792902
1.24	0.84	0.807822
1.24	0.86	0.822875
1.24	0.88	0.838051
1.24	0.9	0.853342
1.24	0.92	0.868739
1.24	0.94	0.884232
1.24	0.96	0.899815
1.24	0.98	0.91548
1.24	1	0.931219
1.26	0	0.462223
1.26	0.02	0.462462
1.26	0.04	0.463204
1.26	0.06	0.464449
1.26	0.08	0.466194
1.26	0.1	0.468438
1.26	0.12	0.471176
1.26	0.14	0.474406
1.26	0.16	0.478121
1.26	0.18	0.482317
1.26	0.2	0.486987
1.26	0.22	0.492125
1.26	0.24	0.497724
1.26	0.26	0.503776
1.26	0.28	0.510272
1.26	0.3	0.517204
1.26	0.32	0.524562
1.26	0.34	0.532337
1.26	0.36	0.540518
1.26	0.38	0.549096
1.26	0.4	0.558059
1.26	0.42	0.567397
1.26	0.44	0.577098
1.26	0.46	0.587152
1.26	0.48	0.597546
1.26	0.5	0.60827
1.26	0.52	0.619311
1.26	0.54	0.630659
1.26	0.56	0.6423
1.26	0.58	0.654225
1.26	0.6	0.66642
1.26	0.62	0.678875
1.26	0.64	0.691578
1.26	0.66	0.704518
1.26	0.68	0.717684
1.26	0.7	0.731065
1.26	0.72	0.744649
1.26	0.74	0.758427
1.26	0.76	0.772388
1.26	0.78	0.786522
1.26	0.8	0.800819
1.26	0.82	0.815268
1.26	0.84	0.829862
1.26	0.86	0.84459
1.26	0.88	0.859443
1.26	0.9	0.874413
1.26	0.92	0.889492
1.26	0.94	0.904671
1.26	0.96	0.919942
1.26	0.98	0.935298
1.26	1	0.950731
1.28	0	0.49372
1.28	0.02	0.49395
1.28	0.04	0.494668
1.28	0.06	0.495873
1.28	0.08	0.497564
1.28	0.1	0.499737
1.28	0.12	0.50239
1.28	0.14	0.50552
1.28	0.16	0.50912
1.28	0.18	0.513187
1.28	0.2	0.517715
1.28	0.22	0.522698
1.28	0.24	0.528128
1.28	0.26	0.533998
1.28	0.28	0.5403
1.28	0.3	0.547027
1.28	0.32	0.554169
1.28	0.34	0.561717
1.28	0.36	0.569662
1.28	0.38	0.577994
1.28	0.4	0.586703
1.28	0.42	0.595778
1.28	0.44	0.605209
1.28	0.46	0.614985
1.28	0.48	0.625095
1.28	0.5	0.635529
1.28	0.52	0.646275
1.28	0.54	0.657322
1.28	0.56	0.668659
1.28	0.58	0.680275
1.28	0.6	0.692159
1.28	0.62	0.7043
1.28	0.64	0.716687
1.28	0.66	0.729308
1.28	0.68	0.742154
1.28	0.7	0.755214
1.28	0.72	0.768477
1.28	0.74	0.781933
1.28	0.76	0.795572
1.28	0.78	0.809385
1.28	0.8	0.823361
1.28	0.82	0.837492
1.28	0.84	0.851768
1.28	0.86	0.866179
1.28	0.88	0.880719
1.28	0.9	0.895377
1.28	0.92	0.910146
1.28	0.94	0.925017
1.28	0.96	0.939984
1.28	0.98	0.955038
1.28	1	0.970173
1.3	0	0.524729
1.3	0.02	0.52495
1.3	0.04	0.525646
1.3	0.06	0.526813
1.3	0.08	0.528451
1.3	0.1	0.530557
1.3	0.12	0.533129
1.3	0.14	0.536163
1.3	0.16	0.539654
1.3	0.18	0.543598
1.3	0.2	0.54799
1.3	0.22	0.552823
1.3	0.24	0.558092
1.3	0.26	0.563788
1.3	0.28	0.569906
1.3	0.3	0.576436
1.3	0.32	0.583372
1.3	0.34	0.590703
1.3	0.36	0.598421
1.3	0.38	0.606517
1.3	0.4	0.614982
1.3	0.42	0.623805
1.3	0.44	0.632976
1.3	0.46	0.642485
1.3	0.48	0.652323
1.3	0.5	0.662478
1.3	0.52	0.672939
1.3	0.54	0.683697
1.3	0.56	0.694741
1.3	0.58	0.70606
1.3	0.6	0.717643
1.3	0.62	0.72948
1.3	0.64	0.741561
1.3	0.66	0.753875
1.3	0.68	0.766411
1.3	0.7	0.77916
1.3	0.72	0.792112
1.3	0.74	0.805257
1.3	0.76	0.818584
1.3	0.78	0.832085
1.3	0.8	0.845751
1.3	0.82	0.859571
1.3	0.84	0.873538
1.3	0.86	0.887642
1.3	0.88	0.901876
1.3	0.9	0.91623
1.3	0.92	0.930697
1.3	0.94	0.945269
1.3	0.96	0.959939
1.3	0.98	0.974698
1.3	1	0.989541
1.32	0	0.555263
1.32	0.02	0.555478
1.32	0.04	0.556151
1.32	0.06	0.557282
1.32	0.08	0.55887
1.32	0.1	0.560913
1.32	0.12	0.563407
1.32	0.14	0.566349
1.32	0.16	0.569736
1.32	0.18	0.573563
1.32	0.2	0.577824
1.32	0.22	0.582515
1.32	0.24	0.587629
1.32	0.26	0.59316
1.32	0.28	0.5991
1.32	0.3	0.605443
1.32	0.32	0.61218
1.32	0.34	0.619303
1.32	0.36	0.626804
1.32	0.38	0.634674
1.32	0.4	0.642904
1.32	0.42	0.651485
1.32	0.44	0.660406
1.32	0.46	0.66966
1.32	0.48	0.679234
1.32	0.5	0.689121
1.32	0.52	0.699309
1.32	0.54	0.709788
1.32	0.56	0.720549
1.32	0.58	0.731581
1.32	0.6	0.742875
1.32	0.62	0.754419
1.32	0.64	0.766204
1.32	0.66	0.77822
1.32	0.68	0.790457
1.32	0.7	0.802906
1.32	0.72	0.815556
1.32	0.74	0.828398
1.32	0.76	0.841423
1.32	0.78	0.854622
1.32	0.8	0.867986
1.32	0.82	0.881505
1.32	0.84	0.895172
1.32	0.86	0.908977
1.32	0.88	0.922912
1.32	0.9	0.936971
1.32	0.92	0.951144
1.32	0.94	0.965424
1.32	0.96	0.979803
1.32	0.98	0.994276
1.32	1	1.00883
1.34	0	0.585339
1.34	0.02	0.585546
1.34	0.04	0.586199
1.34	0.06	0.587296
1.34	0.08	0.588836
1.34	0.1	0.590817
1.34	0.12	0.593237
1.34	0.14	0.596092
1.34	0.16	0.599379
1.34	0.18	0.603093
1.34	0.2	0.60723
1.34	0.22	0.611785
1.34	0.24	0.616751
1.34	0.26	0.622122
1.34	0.28	0.627893
1.34	0.3	0.634056
1.34	0.32	0.640603
1.34	0.34	0.647527
1.34	0.36	0.654819
1.34	0.38	0.662472
1.34	0.4	0.670477
1.34	0.42	0.678825
1.34	0.44	0.687507
1.34	0.46	0.696514
1.34	0.48	0.705836
1.34	0.5	0.715464
1.34	0.52	0.725389
1.34	0.54	0.7356
1.34	0.56	0.746088
1.34	0.58	0.756844
1.34	0.6	0.767857
1.34	0.62	0.779118
1.34	0.64	0.790617
1.34	0.66	0.802346
1.34	0.68	0.814293
1.34	0.7	0.826451
1.34	0.72	0.838809
1.34	0.74	0.851358
1.34	0.76	0.86409
1.34	0.78	0.876996
1.34	0.8	0.890066
1.34	0.82	0.903293
1.34	0.84	0.916667
1.34	0.86	0.930181
1.34	0.88	0.943827
1.34	0.9	0.957597
1.34	0.92	0.971483
1.34	0.94	0.985479
1.34	0.96	0.999576
1.34	0.98	1.01377
1.34	1	1.02805
1.36	0	0.614969
1.36	0.02	0.615169
1.36	0.04	0.615802
1.36	0.06	0.616866
1.36	0.08	0.618361
1.36	0.1	0.620283
1.36	0.12	0.622632
1.36	0.14	0.625404
1.36	0.16	0.628595
1.36	0.18	0.632202
1.36	0.2	0.63622
1.36	0.22	0.640644
1.36	0.24	0.645468
1.36	0.26	0.650688
1.36	0.28	0.656296
1.36	0.3	0.662286
1.36	0.32	0.668651
1.36	0.34	0.675383
1.36	0.36	0.682476
1.36	0.38	0.689921
1.36	0.4	0.697709
1.36	0.42	0.705834
1.36	0.44	0.714285
1.36	0.46	0.723055
1.36	0.48	0.732134
1.36	0.5	0.741513
1.36	0.52	0.751183
1.36	0.54	0.761136
1.36	0.56	0.771361
1.36	0.58	0.78185
1.36	0.6	0.792593
1.36	0.62	0.80358
1.36	0.64	0.814804
1.36	0.66	0.826254
1.36	0.68	0.837921
1.36	0.7	0.849797
1.36	0.72	0.861872
1.36	0.74	0.874137
1.36	0.76	0.886585
1.36	0.78	0.899205
1.36	0.8	0.911991
1.36	0.82	0.924933
1.36	0.84	0.938024
1.36	0.86	0.951255
1.36	0.88	0.964619
1.36	0.9	0.978108
1.36	0.92	0.991715
1.36	0.94	1.00543
1.36	0.96	1.01925
1.36	0.98	1.03317
1.36	1	1.04718
1.38	0	0.644167
1.38	0.02	0.644361
1.38	0.04	0.644974
1.38	0.06	0.646007
1.38	0.08	0.647457
1.38	0.1	0.649324
1.38	0.12	0.651605
1.38	0.14	0.654297
1.38	0.16	0.657397
1.38	0.18	0.660901
1.38	0.2	0.664805
1.38	0.22	0.669104
1.38	0.24	0.673792
1.38	0.26	0.678866
1.38	0.28	0.684318
1.38	0.3	0.690142
1.38	0.32	0.696333
1.38	0.34	0.702881
1.38	0.36	0.709782
1.38	0.38	0.717027
1.38	0.4	0.724608
1.38	0.42	0.732517
1.38	0.44	0.740747
1.38	0.46	0.749288
1.38	0.48	0.758133
1.38	0.5	0.767272
1.38	0.52	0.776698
1.38	0.54	0.786401
1.38	0.56	0.796372
1.38	0.58	0.806604
1.38	0.6	0.817085
1.38	0.62	0.827809
1.38	0.64	0.838765
1.38	0.66	0.849946
1.38	0.68	0.861342
1.38	0.7	0.872945
1.38	0.72	0.884745
1.38	0.74	0.896736
1.38	0.76	0.908907
1.38	0.78	0.921251
1.38	0.8	0.93376
1.38	0.82	0.946426
1.38	0.84	0.959241
1.38	0.86	0.972196
1.38	0.88	0.985286
1.38	0.9	0.998501
1.38	0.92	1.01184
1.38	0.94	1.02528
1.38	0.96	1.03883
1.38	0.98	1.05248
1.38	1	1.06623
1.4	0	0.672944
1.4	0.02	0.673132
1.4	0.04	0.673727
1.4	0.06	0.67473
1.4	0.08	0.676139
1.4	0.1	0.677952
1.4	0.12	0.680168
1.4	0.14	0.682784
1.4	0.16	0.685796
1.4	0.18	0.689201
1.4	0.2	0.692996
1.4	0.22	0.697175
1.4	0.24	0.701733
1.4	0.26	0.706667
1.4	0.28	0.711969
1.4	0.3	0.717635
1.4	0.32	0.723657
1.4	0.34	0.73003
1.4	0.36	0.736746
1.4	0.38	0.743798
1.4	0.4	0.751179
1.4	0.42	0.758882
1.4	0.44	0.766898
1.4	0.46	0.77522
1.4	0.48	0.783839
1.4	0.5	0.792748
1.4	0.52	0.801937
1.4	0.54	0.8114
1.4	0.56	0.821126
1.4	0.58	0.831108
1.4	0.6	0.841338
1.4	0.62	0.851806
1.4	0.64	0.862504
1.4	0.66	0.873424
1.4	0.68	0.884558
1.4	0.7	0.895896
1.4	0.72	0.907431
1.4	0.74	0.919154
1.4	0.76	0.931058
1.4	0.78	0.943133
1.4	0.8	0.955374
1.4	0.82	0.967771
1.4	0.84	0.980317
1.4	0.86	0.993005
1.4	0.88	1.00583
1.4	0.9	1.01878
1.4	0.92	1.03185
1.4	0.94	1.04503
1.4	0.96	1.05832
1.4	0.98	1.07171
1.4	1	1.08519
1.42	0	0.701314
1.42	0.02	0.701495
1.42	0.04	0.702073
1.42	0.06	0.703047
1.42	0.08	0.704416
1.42	0.1	0.706178
1.42	0.12	0.708332
1.42	0.14	0.710874
1.42	0.16	0.713803
1.42	0.18	0.717113
1.42	0.2	0.720803
1.42	0.22	0.724867
1.42	0.24	0.729301
1.42	0.26	0.7341
1.42	0.28	0.739259
1.42	0.3	0.744772
1.42	0.32	0.750633
1.42	0.34	0.756837
1.42	0.36	0.763375
1.42	0.38	0.770243
1.42	0.4	0.777432
1.42	0.42	0.784935
1.42	0.44	0.792746
1.42	0.46	0.800856
1.42	0.48	0.809258
1.42	0.5	0.817944
1.42	0.52	0.826906
1.42	0.54	0.836136
1.42	0.56	0.845626
1.42	0.58	0.855368
1.42	0.6	0.865354
1.42	0.62	0.875575
1.42	0.64	0.886023
1.42	0.66	0.896691
1.42	0.68	0.90757
1.42	0.7	0.918652
1.42	0.72	0.929929
1.42	0.74	0.941393
1.42	0.76	0.953037
1.42	0.78	0.964852
1.42	0.8	0.976832
1.42	0.82	0.988968
1.42	0.84	1.00125
1.42	0.86	1.01368
1.42	0.88	1.02624
1.42	0.9	1.03893
1.42	0.92	1.05174
1.42	0.94	1.06467
1.42	0.96	1.0777
1.42	0.98	1.09083
1.42	1	1.10406
1.44	0	0.729286
1.44	0.02	0.729462
1.44	0.04	0.730023
1.44	0.06	0.73097
1.44	0.08	0.732301
1.44	0.1	0.734014
1.44	0.12	0.736108
1.44	0.14	0.73858
1.44	0.16	0.741428
1.44	0.18	0.744648
1.44	0.2	0.748237
1.44	0.22	0.752191
1.44	0.24	0.756505
1.44	0.26	0.761175
1.44	0.28	0.766196
1.44	0.3	0.771563
1.44	0.32	0.777269
1.44	0.34	0.78331
1.44	0.36	0.789678
1.44	0.38	0.796367
1.44	0.4	0.803371
1.44	0.42	0.810683
1.44	0.44	0.818296
1.44	0.46	0.826202
1.44	0.48	0.834394
1.44	0.5	0.842866
1.44	0.52	0.851608
1.44	0.54	0.860614
1.44	0.56	0.869876
1.44	0.58	0.879386
1.44	0.6	0.889136
1.44	0.62	0.899118
1.44	0.64	0.909325
1.44	0.66	0.919748
1.44	0.68	0.930381
1.44	0.7	0.941215
1.44	0.72	0.952242
1.44	0.74	0.963455
1.44	0.76	0.974846
1.44	0.78	0.986409
1.44	0.8	0.998134
1.44	0.82	1.01002
1.44	0.84	1.02205
1.44	0.86	1.03422
1.44	0.88	1.04653
1.44	0.9	1.05897
1.44	0.92	1.07152
1.44	0.94	1.0842
1.44	0.96	1.09698
1.44	0.98	1.10987
1.44	1	1.12285
1.46	0	0.756873
1.46	0.02	0.757043
1.46	0.04	0.757589
1.46	0.06	0.758509
1.46	0.08	0.759803
1.46	0.1	0.761469
1.46	0.12	0.763506
1.46	0.14	0.765911
1.46	0.16	0.768682
1.46	0.18	0.771815
1.46	0.2	0.775307
1.46	0.22	0.779155
1.46	0.24	0.783355
1.46	0.26	0.787901
1.46	0.28	0.79279
1.46	0.3	0.798016
1.46	0.32	0.803573
1.46	0.34	0.809457
1.46	0.36	0.815661
1.46	0.38	0.822179
1.46	0.4	0.829005
1.46	0.42	0.836132
1.46	0.44	0.843554
1.46	0.46	0.851264
1.46	0.48	0.859254
1.46	0.5	0.867519
1.46	0.52	0.876049
1.46	0.54	0.884838
1.46	0.56	0.89388
1.46	0.58	0.903165
1.46	0.6	0.912687
1.46	0.62	0.922438
1.46	0.64	0.932411
1.46	0.66	0.942598
1.46	0.68	0.952992
1.46	0.7	0.963585
1.46	0.72	0.97437
1.46	0.74	0.985339
1.46	0.76	0.996486
1.46	0.78	1.0078
1.46	0.8	1.01928
1.46	0.82	1.03092
1.46	0.84	1.0427
1.46	0.86	1.05463
1.46	0.88	1.06669
1.46	0.9	1.07888
1.46	0.92	1.09119
1.46	0.94	1.10362
1.46	0.96	1.11616
1.46	0.98	1.1288
1.46	1	1.14154
1.48	0	0.784084
1.48	0.02	0.784249
1.48	0.04	0.78478
1.48	0.06	0.785675
1.48	0.08	0.786934
1.48	0.1	0.788555
1.48	0.12	0.790537
1.48	0.14	0.792877
1.48	0.16	0.795574
1.48	0.18	0.798624
1.48	0.2	0.802024
1.48	0.22	0.80577
1.48	0.24	0.809859
1.48	0.26	0.814286
1.48	0.28	0.819048
1.48	0.3	0.824138
1.48	0.32	0.829552
1.48	0.34	0.835285
1.48	0.36	0.841331
1.48	0.38	0.847685
1.48	0.4	0.854339
1.48	0.42	0.861289
1.48	0.44	0.868527
1.48	0.46	0.876047
1.48	0.48	0.883843
1.48	0.5	0.891907
1.48	0.52	0.900233
1.48	0.54	0.908813
1.48	0.56	0.917641
1.48	0.58	0.92671
1.48	0.6	0.936011
1.48	0.62	0.945539
1.48	0.64	0.955285
1.48	0.66	0.965243
1.48	0.68	0.975406
1.48	0.7	0.985766
1.48	0.72	0.996315
1.48	0.74	1.00705
1.48	0.76	1.01796
1.48	0.78	1.02903
1.48	0.8	1.04027
1.48	0.82	1.05167
1.48	0.84	1.06321
1.48	0.86	1.0749
1.48	0.88	1.08672
1.48	0.9	1.09867
1.48	0.92	1.11074
1.48	0.94	1.12293
1.48	0.96	1.13524
1.48	0.98	1.14764
1.48	1	1.16015
1.5	0	0.81093
1.5	0.02	0.811091
1.5	0.04	0.811607
1.5	0.06	0.812478
1.5	0.08	0.813703
1.5	0.1	0.815281
1.5	0.12	0.81721
1.5	0.14	0.819489
1.5	0.16	0.822114
1.5	0.18	0.825084
1.5	0.2	0.828395
1.5	0.22	0.832043
1.5	0.24	0.836026
1.5	0.26	0.840339
1.5	0.28	0.844978
1.5	0.3	0.849938
1.5	0.32	0.855215
1.5	0.34	0.860803
1.5	0.36	0.866697
1.5	0.38	0.872891
1.5	0.4	0.879381
1.5	0.42	0.886159
1.5	0.44	0.89322
1.5	0.46	0.900557
1.5	0.48	0.908165
1.5	0.5	0.916036
1.5	0.52	0.924164
1.5	0.54	0.932542
1.5	0.56	0.941164
1.5	0.58	0.950023
1.5	0.6	0.959111
1.5	0.62	0.968422
1.5	0.64	0.97795
1.5	0.66	0.987686
1.5	0.68	0.997624
1.5	0.7	1.00776
1.5	0.72	1.01808
1.5	0.74	1.02858
1.5	0.76	1.03926
1.5	0.78	1.05011
1.5	0.8	1.06111
1.5	0.82	1.07227
1.5	0.84	1.08358
1.5	0.86	1.09504
1.5	0.88	1.10662
1.5	0.9	1.11834
1.5	0.92	1.13018
1.5	0.94	1.14214
1.5	0.96	1.15421
1.5	0.98	1.16638
1.5	1	1.17865
1.52	0	0.837421
1.52	0.02	0.837577
1.52	0.04	0.838079
1.52	0.06	0.838927
1.52	0.08	0.840119
1.52	0.1	0.841656
1.52	0.12	0.843535
1.52	0.14	0.845754
1.52	0.16	0.848311
1.52	0.18	0.851204
1.52	0.2	0.854429
1.52	0.22	0.857984
1.52	0.24	0.861865
1.52	0.26	0.866068
1.52	0.28	0.870589
1.52	0.3	0.875424
1.52	0.32	0.880568
1.52	0.34	0.886016
1.52	0.36	0.891763
1.52	0.38	0.897805
1.52	0.4	0.904135
1.52	0.42	0.910748
1.52	0.44	0.917638
1.52	0.46	0.924799
1.52	0.48	0.932225
1.52	0.5	0.939909
1.52	0.52	0.947847
1.52	0.54	0.95603
1.52	0.56	0.964452
1.52	0.58	0.973108
1.52	0.6	0.98199
1.52	0.62	0.991092
1.52	0.64	1.00041
1.52	0.66	1.00993
1.52	0.68	1.01965
1.52	0.7	1.02956
1.52	0.72	1.03966
1.52	0.74	1.04994
1.52	0.76	1.0604
1.52	0.78	1.07102
1.52	0.8	1.0818
1.52	0.82	1.09273
1.52	0.84	1.10381
1.52	0.86	1.11504
1.52	0.88	1.1264
1.52	0.9	1.13789
1.52	0.92	1.1495
1.52	0.94	1.16123
1.52	0.96	1.17307
1.52	0.98	1.18502
1.52	1	1.19707
1.54	0	0.863565
1.54	0.02	0.863716
1.54	0.04	0.864205
1.54	0.06	0.865031
1.54	0.08	0.866193
1.54	0.1	0.86769
1.54	0.12	0.86952
1.54	0.14	0.871682
1.54	0.16	0.874173
1.54	0.18	0.876992
1.54	0.2	0.880135
1.54	0.22	0.8836
1.54	0.24	0.887383
1.54	0.26	0.89148
1.54	0.28	0.895887
1.54	0.3	0.900601
1.54	0.32	0.905618
1.54	0.34	0.910931
1.54	0.36	0.916538
1.54	0.38	0.922432
1.54	0.4	0.928608
1.54	0.42	0.935062
1.54	0.44	0.941787
1.54	0.46	0.948777
1.54	0.48	0.956028
1.54	0.5	0.963533
1.54	0.52	0.971285
1.54	0.54	0.97928
1.54	0.56	0.98751
1.54	0.58	0.995969
1.54	0.6	1.00465
1.54	0.62	1.01355
1.54	0.64	1.02266
1.54	0.66	1.03197
1.54	0.68	1.04148
1.54	0.7	1.05118
1.54	0.72	1.06107
1.54	0.74	1.07113
1.54	0.76	1.08137
1.54	0.78	1.09177
1.54	0.8	1.10233
1.54	0.82	1.11304
1.54	0.84	1.1239
1.54	0.86	1.13491
1.54	0.88	1.14604
1.54	0.9	1.15731
1.54	0.92	1.1687
1.54	0.94	1.18021
1.54	0.96	1.19183
1.54	0.98	1.20356
1.54	1	1.21539
1.56	0	0.889372
1.56	0.02	0.889519
1.56	0.04	0.889995
1.56	0.06	0.8908
1.56	0.08	0.891932
1.56	0.1	0.893391
1.56	0.12	0.895174
1.56	0.14	0.897281
1.56	0.16	0.89971
1.56	0.18	0.902457
1.56	0.2	0.905521
1.56	0.22	0.908899
1.56	0.24	0.912587
1.56	0.26	0.916583
1.56	0.28	0.920881
1.56	0.3	0.925479
1.56	0.32	0.930372
1.56	0.34	0.935556
1.56	0.36	0.941027
1.56	0.38	0.946778
1.56	0.4	0.952807
1.56	0.42	0.959106
1.56	0.44	0.965672
1.56	0.46	0.972498
1.56	0.48	0.979579
1.56	0.5	0.98691
1.56	0.52	0.994484
1.56	0.54	1.0023
1.56	0.56	1.01034
1.56	0.58	1.01861
1.56	0.6	1.0271
1.56	0.62	1.0358
1.56	0.64	1.04471
1.56	0.66	1.05382
1.56	0.68	1.06313
1.56	0.7	1.07262
1.56	0.72	1.0823
1.56	0.74	1.09215
1.56	0.76	1.10217
1.56	0.78	1.11236
1.56	0.8	1.12271
1.56	0.82	1.13321
1.56	0.84	1.14385
1.56	0.86	1.15464
1.56	0.88	1.16556
1.56	0.9	1.17661
1.56	0.92	1.18778
1.56	0.94	1.19908
1.56	0.96	1.21048
1.56	0.98	1.22199
1.56	1	1.23361
1.58	0	0.91485
1.58	0.02	0.914993
1.58	0.04	0.915457
1.58	0.06	0.916242
1.58	0.08	0.917345
1.58	0.1	0.918767
1.58	0.12	0.920506
1.58	0.14	0.92256
1.58	0.16	0.924928
1.58	0.18	0.927607
1.58	0.2	0.930595
1.58	0.22	0.933889
1.58	0.24	0.937486
1.58	0.26	0.941383
1.58	0.28	0.945577
1.58	0.3	0.950063
1.58	0.32	0.954837
1.58	0.34	0.959896
1.58	0.36	0.965236
1.58	0.38	0.97085
1.58	0.4	0.976735
1.58	0.42	0.982886
1.58	0.44	0.989298
1.58	0.46	0.995966
1.58	0.48	1.00288
1.58	0.5	1.01005
1.58	0.52	1.01745
1.58	0.54	1.02508
1.58	0.56	1.03295
1.58	0.58	1.04103
1.58	0.6	1.04933
1.58	0.62	1.05784
1.58	0.64	1.06656
1.58	0.66	1.07547
1.58	0.68	1.08458
1.58	0.7	1.09388
1.58	0.72	1.10335
1.58	0.74	1.113
1.58	0.76	1.12282
1.58	0.78	1.1328
1.58	0.8	1.14294
1.58	0.82	1.15323
1.58	0.84	1.16366
1.58	0.86	1.17424
1.58	0.88	1.18495
1.58	0.9	1.19579
1.58	0.92	1.20675
1.58	0.94	1.21783
1.58	0.96	1.22903
1.58	0.98	1.24033
1.58	1	1.25173
1.6	0	0.940007
1.6	0.02	0.940147
1.6	0.04	0.9406
1.6	0.06	0.941364
1.6	0.08	0.942441
1.6	0.1	0.943827
1.6	0.12	0.945523
1.6	0.14	0.947526
1.6	0.16	0.949836
1.6	0.18	0.952449
1.6	0.2	0.955364
1.6	0.22	0.958578
1.6	0.24	0.962087
1.6	0.26	0.96589
1.6	0.28	0.969982
1.6	0.3	0.97436
1.6	0.32	0.97902
1.6	0.34	0.983958
1.6	0.36	0.989171
1.6	0.38	0.994653
1.6	0.4	1.0004
1.6	0.42	1.00641
1.6	0.44	1.01267
1.6	0.46	1.01919
1.6	0.48	1.02594
1.6	0.5	1.03294
1.6	0.52	1.04018
1.6	0.54	1.04764
1.6	0.56	1.05533
1.6	0.58	1.06324
1.6	0.6	1.07136
1.6	0.62	1.07969
1.6	0.64	1.08821
1.6	0.66	1.09694
1.6	0.68	1.10585
1.6	0.7	1.11495
1.6	0.72	1.12423
1.6	0.74	1.13368
1.6	0.76	1.1433
1.6	0.78	1.15308
1.6	0.8	1.16302
1.6	0.82	1.1731
1.6	0.84	1.18333
1.6	0.86	1.1937
1.6	0.88	1.20421
1.6	0.9	1.21484
1.6	0.92	1.2256
1.6	0.94	1.23647
1.6	0.96	1.24746
1.6	0.98	1.25856
1.6	1	1.26976
1.62	0	0.964852
1.62	0.02	0.964989
1.62	0.04	0.96543
1.62	0.06	0.966176
1.62	0.08	0.967226
1.62	0.1	0.968579
1.62	0.12	0.970233
1.62	0.14	0.972188
1.62	0.16	0.974441
1.62	0.18	0.976991
1.62	0.2	0.979835
1.62	0.22	0.982971
1.62	0.24	0.986396
1.62	0.26	0.990108
1.62	0.28	0.994102
1.62	0.3	0.998376
1.62	0.32	1.00293
1.62	0.34	1.00775
1.62	0.36	1.01284
1.62	0.38	1.01819
1.62	0.4	1.02381
1.62	0.42	1.02968
1.62	0.44	1.0358
1.62	0.46	1.04216
1.62	0.48	1.04877
1.62	0.5	1.05561
1.62	0.52	1.06268
1.62	0.54	1.06998
1.62	0.56	1.0775
1.62	0.58	1.08523
1.62	0.6	1.09318
1.62	0.62	1.10133
1.62	0.64	1.10967
1.62	0.66	1.11821
1.62	0.68	1.12694
1.62	0.7	1.13585
1.62	0.72	1.14494
1.62	0.74	1.1542
1.62	0.76	1.16362
1.62	0.78	1.1732
1.62	0.8	1.18294
1.62	0.82	1.19283
1.62	0.84	1.20286
1.62	0.86	1.21304
1.62	0.88	1.22334
1.62	0.9	1.23377
1.62	0.92	1.24433
1.62	0.94	1.255
1.62	0.96	1.26579
1.62	0.98	1.27669
1.62	1	1.28769
1.64	0	0.989392
1.64	0.02	0.989526
1.64	0.04	0.989957
1.64	0.06	0.990685
1.64	0.08	0.991709
1.64	0.1	0.993029
1.64	0.12	0.994644
1.64	0.14	0.996551
1.64	0.16	0.99875
1.64	0.18	1.00124
1.64	0.2	1.00402
1.64	0.22	1.00708
1.64	0.24	1.01042
1.64	0.26	1.01404
1.64	0.28	1.01794
1.64	0.3	1.02212
1.64	0.32	1.02656
1.64	0.34	1.03127
1.64	0.36	1.03624
1.64	0.38	1.04147
1.64	0.4	1.04696
1.64	0.42	1.05269
1.64	0.44	1.05868
1.64	0.46	1.0649
1.64	0.48	1.07136
1.64	0.5	1.07805
1.64	0.52	1.08496
1.64	0.54	1.0921
1.64	0.56	1.09946
1.64	0.58	1.10702
1.64	0.6	1.1148
1.64	0.62	1.12277
1.64	0.64	1.13094
1.64	0.66	1.1393
1.64	0.68	1.14785
1.64	0.7	1.15658
1.64	0.72	1.16548
1.64	0.74	1.17455
1.64	0.76	1.18378
1.64	0.78	1.19318
1.64	0.8	1.20272
1.64	0.82	1.21242
1.64	0.84	1.22226
1.64	0.86	1.23223
1.64	0.88	1.24234
1.64	0.9	1.25258
1.64	0.92	1.26294
1.64	0.94	1.27342
1.64	0.96	1.28401
1.64	0.98	1.29471
1.64	1	1.30552
1.66	0	1.01364
1.66	0.02	1.01377
1.66	0.04	1.01419
1.66	0.06	1.0149
1.66	0.08	1.0159
1.66	0.1	1.01719
1.66	0.12	1.01876
1.66	0.14	1.02062
1.66	0.16	1.02277
1.66	0.18	1.0252
1.66	0.2	1.02791
1.66	0.22	1.0309
1.66	0.24	1.03417
1.66	0.26	1.03771
1.66	0.28	1.04151
1.66	0.3	1.04559
1.66	0.32	1.04993
1.66	0.34	1.05453
1.66	0.36	1.05939
1.66	0.38	1.0645
1.66	0.4	1.06986
1.66	0.42	1.07547
1.66	0.44	1.08132
1.66	0.46	1.0874
1.66	0.48	1.09371
1.66	0.5	1.10026
1.66	0.52	1.10702
1.66	0.54	1.11401
1.66	0.56	1.1212
1.66	0.58	1.12861
1.66	0.6	1.13622
1.66	0.62	1.14402
1.66	0.64	1.15202
1.66	0.66	1.16021
1.66	0.68	1.16858
1.66	0.7	1.17713
1.66	0.72	1.18585
1.66	0.74	1.19474
1.66	0.76	1.20379
1.66	0.78	1.213
1.66	0.8	1.22236
1.66	0.82	1.23186
1.66	0.84	1.24151
1.66	0.86	1.2513
1.66	0.88	1.26122
1.66	0.9	1.27127
1.66	0.92	1.28144
1.66	0.94	1.29172
1.66	0.96	1.30213
1.66	0.98	1.31263
1.66	1	1.32325
1.68	0	1.03759
1.68	0.02	1.03772
1.68	0.04	1.03813
1.68	0.06	1.03882
1.68	0.08	1.0398
1.68	0.1	1.04106
1.68	0.12	1.04259
1.68	0.14	1.04441
1.68	0.16	1.04651
1.68	0.18	1.04888
1.68	0.2	1.05153
1.68	0.22	1.05445
1.68	0.24	1.05764
1.68	0.26	1.0611
1.68	0.28	1.06482
1.68	0.3	1.0688
1.68	0.32	1.07304
1.68	0.34	1.07754
1.68	0.36	1.08229
1.68	0.38	1.08728
1.68	0.4	1.09252
1.68	0.42	1.098
1.68	0.44	1.10372
1.68	0.46	1.10967
1.68	0.48	1.11585
1.68	0.5	1.12225
1.68	0.52	1.12887
1.68	0.54	1.1357
1.68	0.56	1.14274
1.68	0.58	1.14999
1.68	0.6	1.15744
1.68	0.62	1.16508
1.68	0.64	1.17291
1.68	0.66	1.18093
1.68	0.68	1.18913
1.68	0.7	1.19751
1.68	0.72	1.20605
1.68	0.74	1.21476
1.68	0.76	1.22364
1.68	0.78	1.23266
1.68	0.8	1.24184
1.68	0.82	1.25117
1.68	0.84	1.26063
1.68	0.86	1.27024
1.68	0.88	1.27997
1.68	0.9	1.28983
1.68	0.92	1.29981
1.68	0.94	1.30992
1.68	0.96	1.32013
1.68	0.98	1.33045
1.68	1	1.34088
1.7	0	1.06126
1.7	0.02	1.06138
1.7	0.04	1.06178
1.7	0.06	1.06246
1.7	0.08	1.06342
1.7	0.1	1.06464
1.7	0.12	1.06615
1.7	0.14	1.06792
1.7	0.16	1.06997
1.7	0.18	1.07229
1.7	0.2	1.07488
1.7	0.22	1.07773
1.7	0.24	1.08085
1.7	0.26	1.08423
1.7	0.28	1.08786
1.7	0.3	1.09175
1.7	0.32	1.0959
1.7	0.34	1.1003
1.7	0.36	1.10494
1.7	0.38	1.10982
1.7	0.4	1.11495
1.7	0.42	1.12031
1.7	0.44	1.1259
1.7	0.46	1.13172
1.7	0.48	1.13776
1.7	0.5	1.14402
1.7	0.52	1.1505
1.7	0.54	1.15718
1.7	0.56	1.16408
1.7	0.58	1.17117
1.7	0.6	1.17847
1.7	0.62	1.18595
1.7	0.64	1.19362
1.7	0.66	1.20148
1.7	0.68	1.20951
1.7	0.7	1.21772
1.7	0.72	1.22609
1.7	0.74	1.23463
1.7	0.76	1.24333
1.7	0.78	1.25218
1.7	0.8	1.26118
1.7	0.82	1.27033
1.7	0.84	1.27962
1.7	0.86	1.28904
1.7	0.88	1.29859
1.7	0.9	1.30827
1.7	0.92	1.31807
1.7	0.94	1.32799
1.7	0.96	1.33803
1.7	0.98	1.34817
1.7	1	1.35841
1.72	0	1.08465
1.72	0.02	1.08477
1.72	0.04	1.08516
1.72	0.06	1.08583
1.72	0.08	1.08676
1.72	0.1	1.08796
1.72	0.12	1.08943
1.72	0.14	1.09117
1.72	0.16	1.09317
1.72	0.18	1.09543
1.72	0.2	1.09796
1.72	0.22	1.10075
1.72	0.24	1.10379
1.72	0.26	1.1071
1.72	0.28	1.11065
1.72	0.3	1.11446
1.72	0.32	1.11851
1.72	0.34	1.12281
1.72	0.36	1.12735
1.72	0.38	1.13212
1.72	0.4	1.13713
1.72	0.42	1.14238
1.72	0.44	1.14785
1.72	0.46	1.15354
1.72	0.48	1.15945
1.72	0.5	1.16558
1.72	0.52	1.17192
1.72	0.54	1.17847
1.72	0.56	1.18521
1.72	0.58	1.19216
1.72	0.6	1.1993
1.72	0.62	1.20663
1.72	0.64	1.21415
1.72	0.66	1.22184
1.72	0.68	1.22972
1.72	0.7	1.23776
1.72	0.72	1.24597
1.72	0.74	1.25434
1.72	0.76	1.26287
1.72	0.78	1.27155
1.72	0.8	1.28038
1.72	0.82	1.28935
1.72	0.84	1.29847
1.72	0.86	1.30771
1.72	0.88	1.31709
1.72	0.9	1.32659
1.72	0.92	1.33622
1.72	0.94	1.34596
1.72	0.96	1.35581
1.72	0.98	1.36577
1.72	1	1.37584
1.74	0	1.10777
1.74	0.02	1.10789
1.74	0.04	1.10827
1.74	0.06	1.10892
1.74	0.08	1.10983
1.74	0.1	1.11101
1.74	0.12	1.11244
1.74	0.14	1.11414
1.74	0.16	1.1161
1.74	0.18	1.11831
1.74	0.2	1.12078
1.74	0.22	1.12351
1.74	0.24	1.12649
1.74	0.26	1.12972
1.74	0.28	1.13319
1.74	0.3	1.13691
1.74	0.32	1.14088
1.74	0.34	1.14508
1.74	0.36	1.14952
1.74	0.38	1.15419
1.74	0.4	1.15909
1.74	0.42	1.16422
1.74	0.44	1.16957
1.74	0.46	1.17515
1.74	0.48	1.18093
1.74	0.5	1.18693
1.74	0.52	1.19314
1.74	0.54	1.19954
1.74	0.56	1.20615
1.74	0.58	1.21296
1.74	0.6	1.21995
1.74	0.62	1.22713
1.74	0.64	1.2345
1.74	0.66	1.24204
1.74	0.68	1.24975
1.74	0.7	1.25764
1.74	0.72	1.26568
1.74	0.74	1.27389
1.74	0.76	1.28226
1.74	0.78	1.29077
1.74	0.8	1.29943
1.74	0.82	1.30824
1.74	0.84	1.31718
1.74	0.86	1.32626
1.74	0.88	1.33546
1.74	0.9	1.34479
1.74	0.92	1.35424
1.74	0.94	1.36381
1.74	0.96	1.37349
1.74	0.98	1.38328
1.74	1	1.39317
1.76	0	1.13063
1.76	0.02	1.13075
1.76	0.04	1.13112
1.76	0.06	1.13176
1.76	0.08	1.13265
1.76	0.1	1.13379
1.76	0.12	1.1352
1.76	0.14	1.13686
1.76	0.16	1.13877
1.76	0.18	1.14094
1.76	0.2	1.14335
1.76	0.22	1.14602
1.76	0.24	1.14893
1.76	0.26	1.15209
1.76	0.28	1.15549
1.76	0.3	1.15913
1.76	0.32	1.163
1.76	0.34	1.16711
1.76	0.36	1.17146
1.76	0.38	1.17603
1.76	0.4	1.18083
1.76	0.42	1.18585
1.76	0.44	1.19108
1.76	0.46	1.19654
1.76	0.48	1.2022
1.76	0.5	1.20807
1.76	0.52	1.21415
1.76	0.54	1.22043
1.76	0.56	1.2269
1.76	0.58	1.23356
1.76	0.6	1.24041
1.76	0.62	1.24745
1.76	0.64	1.25467
1.76	0.66	1.26206
1.76	0.68	1.26962
1.76	0.7	1.27735
1.76	0.72	1.28524
1.76	0.74	1.29329
1.76	0.76	1.30149
1.76	0.78	1.30985
1.76	0.8	1.31835
1.76	0.82	1.32699
1.76	0.84	1.33576
1.76	0.86	1.34467
1.76	0.88	1.35371
1.76	0.9	1.36287
1.76	0.92	1.37216
1.76	0.94	1.38155
1.76	0.96	1.39106
1.76	0.98	1.40068
1.76	1	1.4104
1.78	0	1.15323
1.78	0.02	1.15334
1.78	0.04	1.15371
1.78	0.06	1.15433
1.78	0.08	1.1552
1.78	0.1	1.15633
1.78	0.12	1.1577
1.78	0.14	1.15932
1.78	0.16	1.16119
1.78	0.18	1.16331
1.78	0.2	1.16568
1.78	0.22	1.16828
1.78	0.24	1.17113
1.78	0.26	1.17422
1.78	0.28	1.17754
1.78	0.3	1.1811
1.78	0.32	1.1849
1.78	0.34	1.18892
1.78	0.36	1.19317
1.78	0.38	1.19764
1.78	0.4	1.20234
1.78	0.42	1.20725
1.78	0.44	1.21238
1.78	0.46	1.21772
1.78	0.48	1.22326
1.78	0.5	1.22901
1.78	0.52	1.23497
1.78	0.54	1.24111
1.78	0.56	1.24745
1.78	0.58	1.25398
1.78	0.6	1.2607
1.78	0.62	1.26759
1.78	0.64	1.27466
1.78	0.66	1.28191
1.78	0.68	1.28932
1.78	0.7	1.2969
1.78	0.72	1.30464
1.78	0.74	1.31254
1.78	0.76	1.32058
1.78	0.78	1.32878
1.78	0.8	1.33712
1.78	0.82	1.3456
1.78	0.84	1.35421
1.78	0.86	1.36296
1.78	0.88	1.37184
1.78	0.9	1.38083
1.78	0.92	1.38995
1.78	0.94	1.39918
1.78	0.96	1.40853
1.78	0.98	1.41798
1.78	1	1.42753
1.8	0	1.17557
1.8	0.02	1.17569
1.8	0.04	1.17605
1.8	0.06	1.17665
1.8	0.08	1.17751
1.8	0.1	1.17861
1.8	0.12	1.17995
1.8	0.14	1.18154
1.8	0.16	1.18337
1.8	0.18	1.18544
1.8	0.2	1.18775
1.8	0.22	1.1903
1.8	0.24	1.19309
1.8	0.26	1.19611
1.8	0.28	1.19937
1.8	0.3	1.20285
1.8	0.32	1.20656
1.8	0.34	1.2105
1.8	0.36	1.21466
1.8	0.38	1.21904
1.8	0.4	1.22363
1.8	0.42	1.22844
1.8	0.44	1.23347
1.8	0.46	1.23869
1.8	0.48	1.24412
1.8	0.5	1.24976
1.8	0.52	1.25558
1.8	0.54	1.26161
1.8	0.56	1.26782
1.8	0.58	1.27422
1.8	0.6	1.2808
1.8	0.62	1.28756
1.8	0.64	1.29449
1.8	0.66	1.30159
1.8	0.68	1.30886
1.8	0.7	1.31629
1.8	0.72	1.32388
1.8	0.74	1.33163
1.8	0.76	1.33953
1.8	0.78	1.34757
1.8	0.8	1.35575
1.8	0.82	1.36408
1.8	0.84	1.37253
1.8	0.86	1.38112
1.8	0.88	1.38984
1.8	0.9	1.39867
1.8	0.92	1.40763
1.8	0.94	1.4167
1.8	0.96	1.42588
1.8	0.98	1.43517
1.8	1	1.44456
1.82	0	1.19767
1.82	0.02	1.19778
1.82	0.04	1.19814
1.82	0.06	1.19873
1.82	0.08	1.19957
1.82	0.1	1.20064
1.82	0.12	1.20196
1.82	0.14	1.20351
1.82	0.16	1.2053
1.82	0.18	1.20733
1.82	0.2	1.2096
1.82	0.22	1.21209
1.82	0.24	1.21482
1.82	0.26	1.21778
1.82	0.28	1.22096
1.82	0.3	1.22437
1.82	0.32	1.228
1.82	0.34	1.23186
1.82	0.36	1.23593
1.82	0.38	1.24022
1.82	0.4	1.24472
1.82	0.42	1.24943
1.82	0.44	1.25434
1.82	0.46	1.25946
1.82	0.48	1.26478
1.82	0.5	1.2703
1.82	0.52	1.27601
1.82	0.54	1.28191
1.82	0.56	1.288
1.82	0.58	1.29427
1.82	0.6	1.30072
1.82	0.62	1.30735
1.82	0.64	1.31414
1.82	0.66	1.32111
1.82	0.68	1.32824
1.82	0.7	1.33553
1.82	0.72	1.34297
1.82	0.74	1.35057
1.82	0.76	1.35832
1.82	0.78	1.36621
1.82	0.8	1.37425
1.82	0.82	1.38242
1.82	0.84	1.39072
1.82	0.86	1.39916
1.82	0.88	1.40772
1.82	0.9	1.4164
1.82	0.92	1.4252
1.82	0.94	1.43411
1.82	0.96	1.44313
1.82	0.98	1.45226
1.82	1	1.46149
1.84	0	1.21953
1.84	0.02	1.21964
1.84	0.04	1.21999
1.84	0.06	1.22057
1.84	0.08	1.22139
1.84	0.1	1.22244
1.84	0.12	1.22373
1.84	0.14	1.22525
1.84	0.16	1.227
1.84	0.18	1.22899
1.84	0.2	1.2312
1.84	0.22	1.23365
1.84	0.24	1.23632
1.84	0.26	1.23921
1.84	0.28	1.24233
1.84	0.3	1.24567
1.84	0.32	1.24923
1.84	0.34	1.253
1.84	0.36	1.25699
1.84	0.38	1.26119
1.84	0.4	1.26559
1.84	0.42	1.27021
1.84	0.44	1.27502
1.84	0.46	1.28004
1.84	0.48	1.28525
1.84	0.5	1.29066
1.84	0.52	1.29625
1.84	0.54	1.30203
1.84	0.56	1.308
1.84	0.58	1.31415
1.84	0.6	1.32047
1.84	0.62	1.32697
1.84	0.64	1.33363
1.84	0.66	1.34046
1.84	0.68	1.34746
1.84	0.7	1.35461
1.84	0.72	1.36191
1.84	0.74	1.36937
1.84	0.76	1.37697
1.84	0.78	1.38472
1.84	0.8	1.39261
1.84	0.82	1.40063
1.84	0.84	1.40878
1.84	0.86	1.41707
1.84	0.88	1.42547
1.84	0.9	1.434
1.84	0.92	1.44265
1.84	0.94	1.45141
1.84	0.96	1.46027
1.84	0.98	1.46925
1.84	1	1.47833
1.86	0	1.24115
1.86	0.02	1.24126
1.86	0.04	1.2416
1.86	0.06	1.24217
1.86	0.08	1.24297
1.86	0.1	1.244
1.86	0.12	1.24527
1.86	0.14	1.24676
1.86	0.16	1.24847
1.86	0.18	1.25042
1.86	0.2	1.25258
1.86	0.22	1.25498
1.86	0.24	1.25759
1.86	0.26	1.26043
1.86	0.28	1.26348
1.86	0.3	1.26675
1.86	0.32	1.27023
1.86	0.34	1.27393
1.86	0.36	1.27783
1.86	0.38	1.28195
1.86	0.4	1.28626
1.86	0.42	1.29078
1.86	0.44	1.2955
1.86	0.46	1.30041
1.86	0.48	1.30552
1.86	0.5	1.31082
1.86	0.52	1.3163
1.86	0.54	1.32197
1.86	0.56	1.32782
1.86	0.58	1.33385
1.86	0.6	1.34005
1.86	0.62	1.34642
1.86	0.64	1.35295
1.86	0.66	1.35965
1.86	0.68	1.36652
1.86	0.7	1.37353
1.86	0.72	1.3807
1.86	0.74	1.38802
1.86	0.76	1.39548
1.86	0.78	1.40309
1.86	0.8	1.41083
1.86	0.82	1.41871
1.86	0.84	1.42672
1.86	0.86	1.43485
1.86	0.88	1.44311
1.86	0.9	1.45149
1.86	0.92	1.45998
1.86	0.94	1.46859
1.86	0.96	1.47731
1.86	0.98	1.48613
1.86	1	1.49506
1.88	0	1.26254
1.88	0.02	1.26265
1.88	0.04	1.26298
1.88	0.06	1.26354
1.88	0.08	1.26433
1.88	0.1	1.26534
1.88	0.12	1.26657
1.88	0.14	1.26803
1.88	0.16	1.26971
1.88	0.18	1.27162
1.88	0.2	1.27374
1.88	0.22	1.27608
1.88	0.24	1.27864
1.88	0.26	1.28142
1.88	0.28	1.28441
1.88	0.3	1.28761
1.88	0.32	1.29103
1.88	0.34	1.29465
1.88	0.36	1.29847
1.88	0.38	1.3025
1.88	0.4	1.30673
1.88	0.42	1.31116
1.88	0.44	1.31578
1.88	0.46	1.3206
1.88	0.48	1.3256
1.88	0.5	1.3308
1.88	0.52	1.33617
1.88	0.54	1.34173
1.88	0.56	1.34747
1.88	0.58	1.35337
1.88	0.6	1.35945
1.88	0.62	1.3657
1.88	0.64	1.37211
1.88	0.66	1.37869
1.88	0.68	1.38542
1.88	0.7	1.3923
1.88	0.72	1.39934
1.88	0.74	1.40652
1.88	0.76	1.41385
1.88	0.78	1.42132
1.88	0.8	1.42892
1.88	0.82	1.43666
1.88	0.84	1.44452
1.88	0.86	1.45251
1.88	0.88	1.46063
1.88	0.9	1.46886
1.88	0.92	1.47721
1.88	0.94	1.48567
1.88	0.96	1.49424
1.88	0.98	1.50292
1.88	1	1.51169
1.9	0	1.28371
1.9	0.02	1.28381
1.9	0.04	1.28414
1.9	0.06	1.28469
1.9	0.08	1.28546
1.9	0.1	1.28645
1.9	0.12	1.28766
1.9	0.14	1.28909
1.9	0.16	1.29074
1.9	0.18	1.2926
1.9	0.2	1.29468
1.9	0.22	1.29698
1.9	0.24	1.29948
1.9	0.26	1.3022
1.9	0.28	1.30513
1.9	0.3	1.30827
1.9	0.32	1.31161
1.9	0.34	1.31516
1.9	0.36	1.31891
1.9	0.38	1.32286
1.9	0.4	1.327
1.9	0.42	1.33134
1.9	0.44	1.33587
1.9	0.46	1.34059
1.9	0.48	1.3455
1.9	0.5	1.35059
1.9	0.52	1.35586
1.9	0.54	1.36131
1.9	0.56	1.36694
1.9	0.58	1.37273
1.9	0.6	1.37869
1.9	0.62	1.38482
1.9	0.64	1.39111
1.9	0.66	1.39756
1.9	0.68	1.40417
1.9	0.7	1.41093
1.9	0.72	1.41783
1.9	0.74	1.42488
1.9	0.76	1.43208
1.9	0.78	1.43941
1.9	0.8	1.44688
1.9	0.82	1.45447
1.9	0.84	1.4622
1.9	0.86	1.47005
1.9	0.88	1.47803
1.9	0.9	1.48612
1.9	0.92	1.49432
1.9	0.94	1.50264
1.9	0.96	1.51107
1.9	0.98	1.5196
1.9	1	1.52823
1.92	0	1.30465
1.92	0.02	1.30475
1.92	0.04	1.30508
1.92	0.06	1.30561
1.92	0.08	1.30637
1.92	0.1	1.30734
1.92	0.12	1.30853
1.92	0.14	1.30993
1.92	0.16	1.31154
1.92	0.18	1.31337
1.92	0.2	1.31541
1.92	0.22	1.31765
1.92	0.24	1.32011
1.92	0.26	1.32278
1.92	0.28	1.32565
1.92	0.3	1.32872
1.92	0.32	1.332
1.92	0.34	1.33547
1.92	0.36	1.33915
1.92	0.38	1.34302
1.92	0.4	1.34708
1.92	0.42	1.35133
1.92	0.44	1.35577
1.92	0.46	1.3604
1.92	0.48	1.36521
1.92	0.5	1.37021
1.92	0.52	1.37537
1.92	0.54	1.38072
1.92	0.56	1.38623
1.92	0.58	1.39192
1.92	0.6	1.39777
1.92	0.62	1.40378
1.92	0.64	1.40996
1.92	0.66	1.41629
1.92	0.68	1.42277
1.92	0.7	1.4294
1.92	0.72	1.43618
1.92	0.74	1.4431
1.92	0.76	1.45017
1.92	0.78	1.45737
1.92	0.8	1.4647
1.92	0.82	1.47217
1.92	0.84	1.47976
1.92	0.86	1.48747
1.92	0.88	1.49531
1.92	0.9	1.50326
1.92	0.92	1.51133
1.92	0.94	1.5195
1.92	0.96	1.52779
1.92	0.98	1.53618
1.92	1	1.54466
1.94	0	1.32538
1.94	0.02	1.32548
1.94	0.04	1.32579
1.94	0.06	1.32632
1.94	0.08	1.32706
1.94	0.1	1.32801
1.94	0.12	1.32918
1.94	0.14	1.33055
1.94	0.16	1.33213
1.94	0.18	1.33392
1.94	0.2	1.33592
1.94	0.22	1.33812
1.94	0.24	1.34053
1.94	0.26	1.34314
1.94	0.28	1.34596
1.94	0.3	1.34897
1.94	0.32	1.35218
1.94	0.34	1.35559
1.94	0.36	1.35919
1.94	0.38	1.36298
1.94	0.4	1.36697
1.94	0.42	1.37114
1.94	0.44	1.37549
1.94	0.46	1.38003
1.94	0.48	1.38475
1.94	0.5	1.38964
1.94	0.52	1.39471
1.94	0.54	1.39995
1.94	0.56	1.40537
1.94	0.58	1.41094
1.94	0.6	1.41668
1.94	0.62	1.42258
1.94	0.64	1.42864
1.94	0.66	1.43485
1.94	0.68	1.44122
1.94	0.7	1.44773
1.94	0.72	1.45439
1.94	0.74	1.46118
1.94	0.76	1.46812
1.94	0.78	1.47519
1.94	0.8	1.4824
1.94	0.82	1.48973
1.94	0.84	1.49719
1.94	0.86	1.50477
1.94	0.88	1.51247
1.94	0.9	1.52029
1.94	0.92	1.52822
1.94	0.94	1.53626
1.94	0.96	1.5444
1.94	0.98	1.55265
1.94	1	1.561
1.96	0	1.34589
1.96	0.02	1.34599
1.96	0.04	1.3463
1.96	0.06	1.34682
1.96	0.08	1.34755
1.96	0.1	1.34848
1.96	0.12	1.34962
1.96	0.14	1.35096
1.96	0.16	1.35252
1.96	0.18	1.35427
1.96	0.2	1.35623
1.96	0.22	1.35839
1.96	0.24	1.36075
1.96	0.26	1.36331
1.96	0.28	1.36607
1.96	0.3	1.36902
1.96	0.32	1.37217
1.96	0.34	1.37551
1.96	0.36	1.37904
1.96	0.38	1.38276
1.96	0.4	1.38666
1.96	0.42	1.39075
1.96	0.44	1.39503
1.96	0.46	1.39948
1.96	0.48	1.4041
1.96	0.5	1.40891
1.96	0.52	1.41388
1.96	0.54	1.41902
1.96	0.56	1.42433
1.96	0.58	1.4298
1.96	0.6	1.43544
1.96	0.62	1.44123
1.96	0.64	1.44717
1.96	0.66	1.45327
1.96	0.68	1.45952
1.96	0.7	1.46591
1.96	0.72	1.47245
1.96	0.74	1.47913
1.96	0.76	1.48594
1.96	0.78	1.49289
1.96	0.8	1.49996
1.96	0.82	1.50717
1.96	0.84	1.5145
1.96	0.86	1.52195
1.96	0.88	1.52952
1.96	0.9	1.5372
1.96	0.92	1.545
1.96	0.94	1.5529
1.96	0.96	1.56092
1.96	0.98	1.56903
1.96	1	1.57725
1.98	0	1.36619
1.98	0.02	1.36629
1.98	0.04	1.3666
1.98	0.06	1.36711
1.98	0.08	1.36782
1.98	0.1	1.36874
1.98	0.12	1.36985
1.98	0.14	1.37117
1.98	0.16	1.37269
1.98	0.18	1.37442
1.98	0.2	1.37634
1.98	0.22	1.37845
1.98	0.24	1.38077
1.98	0.26	1.38328
1.98	0.28	1.38598
1.98	0.3	1.38888
1.98	0.32	1.39196
1.98	0.34	1.39524
1.98	0.36	1.3987
1.98	0.38	1.40235
1.98	0.4	1.40618
1.98	0.42	1.41019
1.98	0.44	1.41438
1.98	0.46	1.41875
1.98	0.48	1.42329
1.98	0.5	1.428
1.98	0.52	1.43288
1.98	0.54	1.43792
1.98	0.56	1.44313
1.98	0.58	1.4485
1.98	0.6	1.45403
1.98	0.62	1.45972
1.98	0.64	1.46555
1.98	0.66	1.47154
1.98	0.68	1.47768
1.98	0.7	1.48395
1.98	0.72	1.49037
1.98	0.74	1.49693
1.98	0.76	1.50362
1.98	0.78	1.51045
1.98	0.8	1.5174
1.98	0.82	1.52448
1.98	0.84	1.53169
1.98	0.86	1.53901
1.98	0.88	1.54645
1.98	0.9	1.55401
1.98	0.92	1.56167
1.98	0.94	1.56945
1.98	0.96	1.57733
1.98	0.98	1.58531
1.98	1	1.59339
2	0	1.38629
2	0.02	1.38639
2	0.04	1.38669
2	0.06	1.38719
2	0.08	1.38789
2	0.1	1.38879
2	0.12	1.38989
2	0.14	1.39118
2	0.16	1.39267
2	0.18	1.39436
2	0.2	1.39624
2	0.22	1.39832
2	0.24	1.40059
2	0.26	1.40305
2	0.28	1.4057
2	0.3	1.40854
2	0.32	1.41157
2	0.34	1.41478
2	0.36	1.41818
2	0.38	1.42176
2	0.4	1.42552
2	0.42	1.42945
2	0.44	1.43356
2	0.46	1.43784
2	0.48	1.4423
2	0.5	1.44692
2	0.52	1.45171
2	0.54	1.45666
2	0.56	1.46177
2	0.58	1.46704
2	0.6	1.47247
2	0.62	1.47805
2	0.64	1.48378
2	0.66	1.48966
2	0.68	1.49569
2	0.7	1.50185
2	0.72	1.50816
2	0.74	1.5146
2	0.76	1.52117
2	0.78	1.52788
2	0.8	1.53471
2	0.82	1.54167
2	0.84	1.54875
2	0.86	1.55595
2	0.88	1.56327
2	0.9	1.5707
2	0.92	1.57824
2	0.94	1.58588
2	0.96	1.59363
2	0.98	1.60149
2	1	1.60944
