0	0	1
0	0.02	1
0	0.04	1
0	0.06	1
0	0.08	1
0	0.1	1
0	0.12	1
0	0.14	1
0	0.16	1
0	0.18	1
0	0.2	1
0	0.22	1
0	0.24	1
0	0.26	1
0	0.28	1
0	0.3	1
0	0.32	1
0	0.34	1
0	0.36	1
0	0.38	1
0	0.4	1
0	0.42	1
0	0.44	1
0	0.46	1
0	0.48	1
0	0.5	1
0	0.52	1
0	0.54	1
0	0.56	1
0	0.58	1
0	0.6	1
0	0.62	1
0	0.64	1
0	0.66	1
0	0.68	1
0	0.7	1
0	0.72	1
0	0.74	1
0	0.76	1
0	0.78	1
0	0.8	1
0	0.82	1
0	0.84	1
0	0.86	1
0	0.88	1
0	0.9	1
0	0.92	1
0	0.94	1
0	0.96	1
0	0.98	1
0	1	1
0.04	0	1
0.04	0.02	1.0008
0.04	0.04	1.0016
0.04	0.06	1.0024
0.04	0.08	1.00321
0.04	0.1	1.00401
0.04	0.12	1.00481
0.04	0.14	1.00562
0.04	0.16	1.00642
0.04	0.18	1.00723
0.04	0.2	1.00803
0.04	0.22	1.00884
0.04	0.24	1.00965
0.04	0.26	1.01045
0.04	0.28	1.01126
0.04	0.3	1.01207
0.04	0.32	1.01288
0.04	0.34	1.01369
0.04	0.36	1.0145
0.04	0.38	1.01532
0.04	0.4	1.01613
0.04	0.42	1.01694
0.04	0.44	1.01776
0.04	0.46	1.01857
0.04	0.48	1.01939
0.04	0.5	1.0202
0.04	0.52	1.02102
0.04	0.54	1.02183
0.04	0.56	1.02265
0.04	0.58	1.02347
0.04	0.6	1.02429
0.04	0.62	1.02511
0.04	0.64	1.02593
0.04	0.66	1.02675
0.04	0.68	1.02757
0.04	0.7	1.0284
0.04	0.72	1.02922
0.04	0.74	1.03004
0.04	0.76	1.03087
0.04	0.78	1.03169
0.04	0.8	1.03252
0.04	0.82	1.03334
0.04	0.84	1.03417
0.04	0.86	1.035
0.04	0.88	1.03583
0.04	0.9	1.03666
0.04	0.92	1.03749
0.04	0.94	1.03832
0.04	0.96	1.03915
0.04	0.98	1.03998
0.04	1	1.04081
0.08	0	1
0.08	0.02	1.0016
0.08	0.04	1.00321
0.08	0.06	1.00481
0.08	0.08	1.00642
0.08	0.1	1.00803
0.08	0.12	1.00965
0.08	0.14	1.01126
0.08	0.16	1.01288
0.08	0.18	1.0145
0.08	0.2	1.01613
0.08	0.22	1.01776
0.08	0.24	1.01939
0.08	0.26	1.02102
0.08	0.28	1.02265
0.08	0.3	1.02429
0.08	0.32	1.02593
0.08	0.34	1.02757
0.08	0.36	1.02922
0.08	0.38	1.03087
0.08	0.4	1.03252
0.08	0.42	1.03417
0.08	0.44	1.03583
0.08	0.46	1.03749
0.08	0.48	1.03915
0.08	0.5	1.04081
0.08	0.52	1.04248
0.08	0.54	1.04415
0.08	0.56	1.04582
0.08	0.58	1.04749
0.08	0.6	1.04917
0.08	0.62	1.05085
0.08	0.64	1.05253
0.08	0.66	1.05422
0.08	0.68	1.05591
0.08	0.7	1.0576
0.08	0.72	1.05929
0.08	0.74	1.06099
0.08	0.76	1.06269
0.08	0.78	1.06439
0.08	0.8	1.06609
0.08	0.82	1.0678
0.08	0.84	1.06951
0.08	0.86	1.07122
0.08	0.88	1.07294
0.08	0.9	1.07466
0.08	0.92	1.07638
0.08	0.94	1.0781
0.08	0.96	1.07983
0.08	0.98	1.08156
0.08	1	1.08329
0.12	0	1
0.12	0.02	1.0024
0.12	0.04	1.00481
0.12	0.06	1.00723
0.12	0.08	1.00965
0.12	0.1	1.01207
0.12	0.12	1.0145
0.12	0.14	1.01694
0.12	0.16	1.01939
0.12	0.18	1.02183
0.12	0.2	1.02429
0.12	0.22	1.02675
0.12	0.24	1.02922
0.12	0.26	1.03169
0.12	0.28	1.03417
0.12	0.3	1.03666
0.12	0.32	1.03915
0.12	0.34	1.04164
0.12	0.36	1.04415
0.12	0.38	1.04666
0.12	0.4	1.04917
0.12	0.42	1.05169
0.12	0.44	1.05422
0.12	0.46	1.05675
0.12	0.48	1.05929
0.12	0.5	1.06184
0.12	0.52	1.06439
0.12	0.54	1.06695
0.12	0.56	1.06951
0.12	0.58	1.07208
0.12	0.6	1.07466
0.12	0.62	1.07724
0.12	0.64	1.07983
0.12	0.66	1.08242
0.12	0.68	1.08502
0.12	0.7	1.08763
0.12	0.72	1.09024
0.12	0.74	1.09286
0.12	0.76	1.09549
0.12	0.78	1.09812
0.12	0.8	1.10076
0.12	0.82	1.1034
0.12	0.84	1.10606
0.12	0.86	1.10871
0.12	0.88	1.11138
0.12	0.9	1.11405
0.12	0.92	1.11672
0.12	0.94	1.11941
0.12	0.96	1.1221
0.12	0.98	1.12479
0.12	1	1.1275
0.16	0	1
0.16	0.02	1.00321
0.16	0.04	1.00642
0.16	0.06	1.00965
0.16	0.08	1.01288
0.16	0.1	1.01613
0.16	0.12	1.01939
0.16	0.14	1.02265
0.16	0.16	1.02593
0.16	0.18	1.02922
0.16	0.2	1.03252
0.16	0.22	1.03583
0.16	0.24	1.03915
0.16	0.26	1.04248
0.16	0.28	1.04582
0.16	0.3	1.04917
0.16	0.32	1.05253
0.16	0.34	1.05591
0.16	0.36	1.05929
0.16	0.38	1.06269
0.16	0.4	1.06609
0.16	0.42	1.06951
0.16	0.44	1.07294
0.16	0.46	1.07638
0.16	0.48	1.07983
0.16	0.5	1.08329
0.16	0.52	1.08676
0.16	0.54	1.09024
0.16	0.56	1.09374
0.16	0.58	1.09724
0.16	0.6	1.10076
0.16	0.62	1.10429
0.16	0.64	1.10783
0.16	0.66	1.11138
0.16	0.68	1.11494
0.16	0.7	1.11851
0.16	0.72	1.1221
0.16	0.74	1.12569
0.16	0.76	1.1293
0.16	0.78	1.13292
0.16	0.8	1.13655
0.16	0.82	1.1402
0.16	0.84	1.14385
0.16	0.86	1.14752
0.16	0.88	1.15119
0.16	0.9	1.15488
0.16	0.92	1.15859
0.16	0.94	1.1623
0.16	0.96	1.16602
0.16	0.98	1.16976
0.16	1	1.17351
0.2	0	1
0.2	0.02	1.00401
0.2	0.04	1.00803
0.2	0.06	1.01207
0.2	0.08	1.01613
0.2	0.1	1.0202
0.2	0.12	1.02429
0.2	0.14	1.0284
0.2	0.16	1.03252
0.2	0.18	1.03666
0.2	0.2	1.04081
0.2	0.22	1.04498
0.2	0.24	1.04917
0.2	0.26	1.05338
0.2	0.28	1.0576
0.2	0.3	1.06184
0.2	0.32	1.06609
0.2	0.34	1.07037
0.2	0.36	1.07466
0.2	0.38	1.07896
0.2	0.4	1.08329
0.2	0.42	1.08763
0.2	0.44	1.09199
0.2	0.46	1.09636
0.2	0.48	1.10076
0.2	0.5	1.10517
0.2	0.52	1.1096
0.2	0.54	1.11405
0.2	0.56	1.11851
0.2	0.58	1.123
0.2	0.6	1.1275
0.2	0.62	1.13202
0.2	0.64	1.13655
0.2	0.66	1.14111
0.2	0.68	1.14568
0.2	0.7	1.15027
0.2	0.72	1.15488
0.2	0.74	1.15951
0.2	0.76	1.16416
0.2	0.78	1.16883
0.2	0.8	1.17351
0.2	0.82	1.17821
0.2	0.84	1.18294
0.2	0.86	1.18768
0.2	0.88	1.19244
0.2	0.9	1.19722
0.2	0.92	1.20202
0.2	0.94	1.20683
0.2	0.96	1.21167
0.2	0.98	1.21653
0.2	1	1.2214
0.24	0	1
0.24	0.02	1.00481
0.24	0.04	1.00965
0.24	0.06	1.0145
0.24	0.08	1.01939
0.24	0.1	1.02429
0.24	0.12	1.02922
0.24	0.14	1.03417
0.24	0.16	1.03915
0.24	0.18	1.04415
0.24	0.2	1.04917
0.24	0.22	1.05422
0.24	0.24	1.05929
0.24	0.26	1.06439
0.24	0.28	1.06951
0.24	0.3	1.07466
0.24	0.32	1.07983
0.24	0.34	1.08502
0.24	0.36	1.09024
0.24	0.38	1.09549
0.24	0.4	1.10076
0.24	0.42	1.10606
0.24	0.44	1.11138
0.24	0.46	1.11672
0.24	0.48	1.1221
0.24	0.5	1.1275
0.24	0.52	1.13292
0.24	0.54	1.13837
0.24	0.56	1.14385
0.24	0.58	1.14935
0.24	0.6	1.15488
0.24	0.62	1.16044
0.24	0.64	1.16602
0.24	0.66	1.17163
0.24	0.68	1.17727
0.24	0.7	1.18294
0.24	0.72	1.18863
0.24	0.74	1.19435
0.24	0.76	1.20009
0.24	0.78	1.20587
0.24	0.8	1.21167
0.24	0.82	1.2175
0.24	0.84	1.22336
0.24	0.86	1.22924
0.24	0.88	1.23516
0.24	0.9	1.2411
0.24	0.92	1.24707
0.24	0.94	1.25307
0.24	0.96	1.2591
0.24	0.98	1.26516
0.24	1	1.27125
0.28	0	1
0.28	0.02	1.00562
0.28	0.04	1.01126
0.28	0.06	1.01694
0.28	0.08	1.02265
0.28	0.1	1.0284
0.28	0.12	1.03417
0.28	0.14	1.03998
0.28	0.16	1.04582
0.28	0.18	1.05169
0.28	0.2	1.0576
0.28	0.22	1.06354
0.28	0.24	1.06951
0.28	0.26	1.07552
0.28	0.28	1.08156
0.28	0.3	1.08763
0.28	0.32	1.09374
0.28	0.34	1.09988
0.28	0.36	1.10606
0.28	0.38	1.11227
0.28	0.4	1.11851
0.28	0.42	1.12479
0.28	0.44	1.13111
0.28	0.46	1.13746
0.28	0.48	1.14385
0.28	0.5	1.15027
0.28	0.52	1.15673
0.28	0.54	1.16323
0.28	0.56	1.16976
0.28	0.58	1.17633
0.28	0.6	1.18294
0.28	0.62	1.18958
0.28	0.64	1.19626
0.28	0.66	1.20298
0.28	0.68	1.20973
0.28	0.7	1.21653
0.28	0.72	1.22336
0.28	0.74	1.23023
0.28	0.76	1.23714
0.28	0.78	1.24408
0.28	0.8	1.25107
0.28	0.82	1.2581
0.28	0.84	1.26516
0.28	0.86	1.27227
0.28	0.88	1.27941
0.28	0.9	1.2866
0.28	0.92	1.29382
0.28	0.94	1.30109
0.28	0.96	1.30839
0.28	0.98	1.31574
0.28	1	1.32313
0.32	0	1
0.32	0.02	1.00642
0.32	0.04	1.01288
0.32	0.06	1.01939
0.32	0.08	1.02593
0.32	0.1	1.03252
0.32	0.12	1.03915
0.32	0.14	1.04582
0.32	0.16	1.05253
0.32	0.18	1.05929
0.32	0.2	1.06609
0.32	0.22	1.07294
0.32	0.24	1.07983
0.32	0.26	1.08676
0.32	0.28	1.09374
0.32	0.3	1.10076
0.32	0.32	1.10783
0.32	0.34	1.11494
0.32	0.36	1.1221
0.32	0.38	1.1293
0.32	0.4	1.13655
0.32	0.42	1.14385
0.32	0.44	1.15119
0.32	0.46	1.15859
0.32	0.48	1.16602
0.32	0.5	1.17351
0.32	0.52	1.18105
0.32	0.54	1.18863
0.32	0.56	1.19626
0.32	0.58	1.20394
0.32	0.6	1.21167
0.32	0.62	1.21945
0.32	0.64	1.22728
0.32	0.66	1.23516
0.32	0.68	1.24309
0.32	0.7	1.25107
0.32	0.72	1.2591
0.32	0.74	1.26719
0.32	0.76	1.27532
0.32	0.78	1.28351
0.32	0.8	1.29175
0.32	0.82	1.30005
0.32	0.84	1.30839
0.32	0.86	1.31679
0.32	0.88	1.32525
0.32	0.9	1.33376
0.32	0.92	1.34232
0.32	0.94	1.35094
0.32	0.96	1.35961
0.32	0.98	1.36834
0.32	1	1.37713
0.36	0	1
0.36	0.02	1.00723
0.36	0.04	1.0145
0.36	0.06	1.02183
0.36	0.08	1.02922
0.36	0.1	1.03666
0.36	0.12	1.04415
0.36	0.14	1.05169
0.36	0.16	1.05929
0.36	0.18	1.06695
0.36	0.2	1.07466
0.36	0.22	1.08242
0.36	0.24	1.09024
0.36	0.26	1.09812
0.36	0.28	1.10606
0.36	0.3	1.11405
0.36	0.32	1.1221
0.36	0.34	1.13021
0.36	0.36	1.13837
0.36	0.38	1.1466
0.36	0.4	1.15488
0.36	0.42	1.16323
0.36	0.44	1.17163
0.36	0.46	1.1801
0.36	0.48	1.18863
0.36	0.5	1.19722
0.36	0.52	1.20587
0.36	0.54	1.21458
0.36	0.56	1.22336
0.36	0.58	1.2322
0.36	0.6	1.2411
0.36	0.62	1.25007
0.36	0.64	1.2591
0.36	0.66	1.2682
0.36	0.68	1.27737
0.36	0.7	1.2866
0.36	0.72	1.29589
0.36	0.74	1.30526
0.36	0.76	1.31469
0.36	0.78	1.32419
0.36	0.8	1.33376
0.36	0.82	1.3434
0.36	0.84	1.3531
0.36	0.86	1.36288
0.36	0.88	1.37273
0.36	0.9	1.38265
0.36	0.92	1.39264
0.36	0.94	1.4027
0.36	0.96	1.41284
0.36	0.98	1.42305
0.36	1	1.43333
0.4	0	1
0.4	0.02	1.00803
0.4	0.04	1.01613
0.4	0.06	1.02429
0.4	0.08	1.03252
0.4	0.1	1.04081
0.4	0.12	1.04917
0.4	0.14	1.0576
0.4	0.16	1.06609
0.4	0.18	1.07466
0.4	0.2	1.08329
0.4	0.22	1.09199
0.4	0.24	1.10076
0.4	0.26	1.1096
0.4	0.28	1.11851
0.4	0.3	1.1275
0.4	0.32	1.13655
0.4	0.34	1.14568
0.4	0.36	1.15488
0.4	0.38	1.16416
0.4	0.4	1.17351
0.4	0.42	1.18294
0.4	0.44	1.19244
0.4	0.46	1.20202
0.4	0.48	1.21167
0.4	0.5	1.2214
0.4	0.52	1.23121
0.4	0.54	1.2411
0.4	0.56	1.25107
0.4	0.58	1.26112
0.4	0.6	1.27125
0.4	0.62	1.28146
0.4	0.64	1.29175
0.4	0.66	1.30213
0.4	0.68	1.31259
0.4	0.7	1.32313
0.4	0.72	1.33376
0.4	0.74	1.34447
0.4	0.76	1.35527
0.4	0.78	1.36615
0.4	0.8	1.37713
0.4	0.82	1.38819
0.4	0.84	1.39934
0.4	0.86	1.41058
0.4	0.88	1.42191
0.4	0.9	1.43333
0.4	0.92	1.44484
0.4	0.94	1.45645
0.4	0.96	1.46815
0.4	0.98	1.47994
0.4	1	1.49182
0.44	0	1
0.44	0.02	1.00884
0.44	0.04	1.01776
0.44	0.06	1.02675
0.44	0.08	1.03583
0.44	0.1	1.04498
0.44	0.12	1.05422
0.44	0.14	1.06354
0.44	0.16	1.07294
0.44	0.18	1.08242
0.44	0.2	1.09199
0.44	0.22	1.10164
0.44	0.24	1.11138
0.44	0.26	1.1212
0.44	0.28	1.13111
0.44	0.3	1.14111
0.44	0.32	1.15119
0.44	0.34	1.16137
0.44	0.36	1.17163
0.44	0.38	1.18199
0.44	0.4	1.19244
0.44	0.42	1.20298
0.44	0.44	1.21361
0.44	0.46	1.22434
0.44	0.48	1.23516
0.44	0.5	1.24608
0.44	0.52	1.25709
0.44	0.54	1.2682
0.44	0.56	1.27941
0.44	0.58	1.29072
0.44	0.6	1.30213
0.44	0.62	1.31364
0.44	0.64	1.32525
0.44	0.66	1.33696
0.44	0.68	1.34878
0.44	0.7	1.3607
0.44	0.72	1.37273
0.44	0.74	1.38486
0.44	0.76	1.3971
0.44	0.78	1.40945
0.44	0.8	1.42191
0.44	0.82	1.43448
0.44	0.84	1.44716
0.44	0.86	1.45995
0.44	0.88	1.47285
0.44	0.9	1.48587
0.44	0.92	1.499
0.44	0.94	1.51225
0.44	0.96	1.52562
0.44	0.98	1.5391
0.44	1	1.55271
0.48	0	1
0.48	0.02	1.00965
0.48	0.04	1.01939
0.48	0.06	1.02922
0.48	0.08	1.03915
0.48	0.1	1.04917
0.48	0.12	1.05929
0.48	0.14	1.06951
0.48	0.16	1.07983
0.48	0.18	1.09024
0.48	0.2	1.10076
0.48	0.22	1.11138
0.48	0.24	1.1221
0.48	0.26	1.13292
0.48	0.28	1.14385
0.48	0.3	1.15488
0.48	0.32	1.16602
0.48	0.34	1.17727
0.48	0.36	1.18863
0.48	0.38	1.20009
0.48	0.4	1.21167
0.48	0.42	1.22336
0.48	0.44	1.23516
0.48	0.46	1.24707
0.48	0.48	1.2591
0.48	0.5	1.27125
0.48	0.52	1.28351
0.48	0.54	1.29589
0.48	0.56	1.30839
0.48	0.58	1.32101
0.48	0.6	1.33376
0.48	0.62	1.34662
0.48	0.64	1.35961
0.48	0.66	1.37273
0.48	0.68	1.38597
0.48	0.7	1.39934
0.48	0.72	1.41284
0.48	0.74	1.42647
0.48	0.76	1.44023
0.48	0.78	1.45412
0.48	0.8	1.46815
0.48	0.82	1.48231
0.48	0.84	1.49661
0.48	0.86	1.51104
0.48	0.88	1.52562
0.48	0.9	1.54034
0.48	0.92	1.55519
0.48	0.94	1.5702
0.48	0.96	1.58534
0.48	0.98	1.60063
0.48	1	1.61607
0.52	0	1
0.52	0.02	1.01045
0.52	0.04	1.02102
0.52	0.06	1.03169
0.52	0.08	1.04248
0.52	0.1	1.05338
0.52	0.12	1.06439
0.52	0.14	1.07552
0.52	0.16	1.08676
0.52	0.18	1.09812
0.52	0.2	1.1096
0.52	0.22	1.1212
0.52	0.24	1.13292
0.52	0.26	1.14477
0.52	0.28	1.15673
0.52	0.3	1.16883
0.52	0.32	1.18105
0.52	0.34	1.19339
0.52	0.36	1.20587
0.52	0.38	1.21847
0.52	0.4	1.23121
0.52	0.42	1.24408
0.52	0.44	1.25709
0.52	0.46	1.27023
0.52	0.48	1.28351
0.52	0.5	1.29693
0.52	0.52	1.31049
0.52	0.54	1.32419
0.52	0.56	1.33803
0.52	0.58	1.35202
0.52	0.6	1.36615
0.52	0.62	1.38044
0.52	0.64	1.39487
0.52	0.66	1.40945
0.52	0.68	1.42419
0.52	0.7	1.43907
0.52	0.72	1.45412
0.52	0.74	1.46932
0.52	0.76	1.48468
0.52	0.78	1.5002
0.52	0.8	1.51589
0.52	0.82	1.53173
0.52	0.84	1.54775
0.52	0.86	1.56393
0.52	0.88	1.58028
0.52	0.9	1.5968
0.52	0.92	1.61349
0.52	0.94	1.63036
0.52	0.96	1.6474
0.52	0.98	1.66463
0.52	1	1.68203
0.56	0	1
0.56	0.02	1.01126
0.56	0.04	1.02265
0.56	0.06	1.03417
0.56	0.08	1.04582
0.56	0.1	1.0576
0.56	0.12	1.06951
0.56	0.14	1.08156
0.56	0.16	1.09374
0.56	0.18	1.10606
0.56	0.2	1.11851
0.56	0.22	1.13111
0.56	0.24	1.14385
0.56	0.26	1.15673
0.56	0.28	1.16976
0.56	0.3	1.18294
0.56	0.32	1.19626
0.56	0.34	1.20973
0.56	0.36	1.22336
0.56	0.38	1.23714
0.56	0.4	1.25107
0.56	0.42	1.26516
0.56	0.44	1.27941
0.56	0.46	1.29382
0.56	0.48	1.30839
0.56	0.5	1.32313
0.56	0.52	1.33803
0.56	0.54	1.3531
0.56	0.56	1.36834
0.56	0.58	1.38375
0.56	0.6	1.39934
0.56	0.62	1.4151
0.56	0.64	1.43104
0.56	0.66	1.44716
0.56	0.68	1.46345
0.56	0.7	1.47994
0.56	0.72	1.49661
0.56	0.74	1.51346
0.56	0.76	1.53051
0.56	0.78	1.54775
0.56	0.8	1.56518
0.56	0.82	1.58281
0.56	0.84	1.60063
0.56	0.86	1.61866
0.56	0.88	1.63689
0.56	0.9	1.65533
0.56	0.92	1.67397
0.56	0.94	1.69283
0.56	0.96	1.71189
0.56	0.98	1.73117
0.56	1	1.75067
0.6	0	1
0.6	0.02	1.01207
0.6	0.04	1.02429
0.6	0.06	1.03666
0.6	0.08	1.04917
0.6	0.1	1.06184
0.6	0.12	1.07466
0.6	0.14	1.08763
0.6	0.16	1.10076
0.6	0.18	1.11405
0.6	0.2	1.1275
0.6	0.22	1.14111
0.6	0.24	1.15488
0.6	0.26	1.16883
0.6	0.28	1.18294
0.6	0.3	1.19722
0.6	0.32	1.21167
0.6	0.34	1.2263
0.6	0.36	1.2411
0.6	0.38	1.25609
0.6	0.4	1.27125
0.6	0.42	1.2866
0.6	0.44	1.30213
0.6	0.46	1.31785
0.6	0.48	1.33376
0.6	0.5	1.34986
0.6	0.52	1.36615
0.6	0.54	1.38265
0.6	0.56	1.39934
0.6	0.58	1.41623
0.6	0.6	1.43333
0.6	0.62	1.45063
0.6	0.64	1.46815
0.6	0.66	1.48587
0.6	0.68	1.50381
0.6	0.7	1.52196
0.6	0.72	1.54034
0.6	0.74	1.55893
0.6	0.76	1.57775
0.6	0.78	1.5968
0.6	0.8	1.61607
0.6	0.82	1.63558
0.6	0.84	1.65533
0.6	0.86	1.67531
0.6	0.88	1.69554
0.6	0.9	1.71601
0.6	0.92	1.73672
0.6	0.94	1.75769
0.6	0.96	1.77891
0.6	0.98	1.80038
0.6	1	1.82212
0.64	0	1
0.64	0.02	1.01288
0.64	0.04	1.02593
0.64	0.06	1.03915
0.64	0.08	1.05253
0.64	0.1	1.06609
0.64	0.12	1.07983
0.64	0.14	1.09374
0.64	0.16	1.10783
0.64	0.18	1.1221
0.64	0.2	1.13655
0.64	0.22	1.15119
0.64	0.24	1.16602
0.64	0.26	1.18105
0.64	0.28	1.19626
0.64	0.3	1.21167
0.64	0.32	1.22728
0.64	0.34	1.24309
0.64	0.36	1.2591
0.64	0.38	1.27532
0.64	0.4	1.29175
0.64	0.42	1.30839
0.64	0.44	1.32525
0.64	0.46	1.34232
0.64	0.48	1.35961
0.64	0.5	1.37713
0.64	0.52	1.39487
0.64	0.54	1.41284
0.64	0.56	1.43104
0.64	0.58	1.44947
0.64	0.6	1.46815
0.64	0.62	1.48706
0.64	0.64	1.50622
0.64	0.66	1.52562
0.64	0.68	1.54527
0.64	0.7	1.56518
0.64	0.72	1.58534
0.64	0.74	1.60576
0.64	0.76	1.62645
0.64	0.78	1.6474
0.64	0.8	1.66863
0.64	0.82	1.69012
0.64	0.84	1.71189
0.64	0.86	1.73395
0.64	0.88	1.75628
0.64	0.9	1.77891
0.64	0.92	1.80182
0.64	0.94	1.82504
0.64	0.96	1.84855
0.64	0.98	1.87236
0.64	1	1.89648
0.68	0	1
0.68	0.02	1.01369
0.68	0.04	1.02757
0.68	0.06	1.04164
0.68	0.08	1.05591
0.68	0.1	1.07037
0.68	0.12	1.08502
0.68	0.14	1.09988
0.68	0.16	1.11494
0.68	0.18	1.13021
0.68	0.2	1.14568
0.68	0.22	1.16137
0.68	0.24	1.17727
0.68	0.26	1.19339
0.68	0.28	1.20973
0.68	0.3	1.2263
0.68	0.32	1.24309
0.68	0.34	1.26011
0.68	0.36	1.27737
0.68	0.38	1.29486
0.68	0.4	1.31259
0.68	0.42	1.33056
0.68	0.44	1.34878
0.68	0.46	1.36725
0.68	0.48	1.38597
0.68	0.5	1.40495
0.68	0.52	1.42419
0.68	0.54	1.44369
0.68	0.56	1.46345
0.68	0.58	1.48349
0.68	0.6	1.50381
0.68	0.62	1.5244
0.68	0.64	1.54527
0.68	0.66	1.56643
0.68	0.68	1.58788
0.68	0.7	1.60962
0.68	0.72	1.63166
0.68	0.74	1.65401
0.68	0.76	1.67665
0.68	0.78	1.69961
0.68	0.8	1.72288
0.68	0.82	1.74648
0.68	0.84	1.77039
0.68	0.86	1.79463
0.68	0.88	1.81921
0.68	0.9	1.84412
0.68	0.92	1.86937
0.68	0.94	1.89496
0.68	0.96	1.92091
0.68	0.98	1.94721
0.68	1	1.97388
0.72	0	1
0.72	0.02	1.0145
0.72	0.04	1.02922
0.72	0.06	1.04415
0.72	0.08	1.05929
0.72	0.1	1.07466
0.72	0.12	1.09024
0.72	0.14	1.10606
0.72	0.16	1.1221
0.72	0.18	1.13837
0.72	0.2	1.15488
0.72	0.22	1.17163
0.72	0.24	1.18863
0.72	0.26	1.20587
0.72	0.28	1.22336
0.72	0.3	1.2411
0.72	0.32	1.2591
0.72	0.34	1.27737
0.72	0.36	1.29589
0.72	0.38	1.31469
0.72	0.4	1.33376
0.72	0.42	1.3531
0.72	0.44	1.37273
0.72	0.46	1.39264
0.72	0.48	1.41284
0.72	0.5	1.43333
0.72	0.52	1.45412
0.72	0.54	1.47521
0.72	0.56	1.49661
0.72	0.58	1.51831
0.72	0.6	1.54034
0.72	0.62	1.56268
0.72	0.64	1.58534
0.72	0.66	1.60834
0.72	0.68	1.63166
0.72	0.7	1.65533
0.72	0.72	1.67934
0.72	0.74	1.7037
0.72	0.76	1.72841
0.72	0.78	1.75348
0.72	0.8	1.77891
0.72	0.82	1.80471
0.72	0.84	1.83089
0.72	0.86	1.85744
0.72	0.88	1.88438
0.72	0.9	1.91171
0.72	0.92	1.93944
0.72	0.94	1.96757
0.72	0.96	1.99611
0.72	0.98	2.02506
0.72	1	2.05443
0.76	0	1
0.76	0.02	1.01532
0.76	0.04	1.03087
0.76	0.06	1.04666
0.76	0.08	1.06269
0.76	0.1	1.07896
0.76	0.12	1.09549
0.76	0.14	1.11227
0.76	0.16	1.1293
0.76	0.18	1.1466
0.76	0.2	1.16416
0.76	0.22	1.18199
0.76	0.24	1.20009
0.76	0.26	1.21847
0.76	0.28	1.23714
0.76	0.3	1.25609
0.76	0.32	1.27532
0.76	0.34	1.29486
0.76	0.36	1.31469
0.76	0.38	1.33482
0.76	0.4	1.35527
0.76	0.42	1.37603
0.76	0.44	1.3971
0.76	0.46	1.4185
0.76	0.48	1.44023
0.76	0.5	1.46228
0.76	0.52	1.48468
0.76	0.54	1.50742
0.76	0.56	1.53051
0.76	0.58	1.55395
0.76	0.6	1.57775
0.76	0.62	1.60192
0.76	0.64	1.62645
0.76	0.66	1.65136
0.76	0.68	1.67665
0.76	0.7	1.70233
0.76	0.72	1.72841
0.76	0.74	1.75488
0.76	0.76	1.78176
0.76	0.78	1.80905
0.76	0.8	1.83675
0.76	0.82	1.86489
0.76	0.84	1.89345
0.76	0.86	1.92245
0.76	0.88	1.95189
0.76	0.9	1.98179
0.76	0.92	2.01214
0.76	0.94	2.04296
0.76	0.96	2.07425
0.76	0.98	2.10602
0.76	1	2.13828
0.8	0	1
0.8	0.02	1.01613
0.8	0.04	1.03252
0.8	0.06	1.04917
0.8	0.08	1.06609
0.8	0.1	1.08329
0.8	0.12	1.10076
0.8	0.14	1.11851
0.8	0.16	1.13655
0.8	0.18	1.15488
0.8	0.2	1.17351
0.8	0.22	1.19244
0.8	0.24	1.21167
0.8	0.26	1.23121
0.8	0.28	1.25107
0.8	0.3	1.27125
0.8	0.32	1.29175
0.8	0.34	1.31259
0.8	0.36	1.33376
0.8	0.38	1.35527
0.8	0.4	1.37713
0.8	0.42	1.39934
0.8	0.44	1.42191
0.8	0.46	1.44484
0.8	0.48	1.46815
0.8	0.5	1.49182
0.8	0.52	1.51589
0.8	0.54	1.54034
0.8	0.56	1.56518
0.8	0.58	1.59042
0.8	0.6	1.61607
0.8	0.62	1.64214
0.8	0.64	1.66863
0.8	0.66	1.69554
0.8	0.68	1.72288
0.8	0.7	1.75067
0.8	0.72	1.77891
0.8	0.74	1.8076
0.8	0.76	1.83675
0.8	0.78	1.86638
0.8	0.8	1.89648
0.8	0.82	1.92707
0.8	0.84	1.95815
0.8	0.86	1.98973
0.8	0.88	2.02182
0.8	0.9	2.05443
0.8	0.92	2.08757
0.8	0.94	2.12124
0.8	0.96	2.15545
0.8	0.98	2.19022
0.8	1	2.22554
0.84	0	1
0.84	0.02	1.01694
0.84	0.04	1.03417
0.84	0.06	1.05169
0.84	0.08	1.06951
0.84	0.1	1.08763
0.84	0.12	1.10606
0.84	0.14	1.12479
0.84	0.16	1.14385
0.84	0.18	1.16323
0.84	0.2	1.18294
0.84	0.22	1.20298
0.84	0.24	1.22336
0.84	0.26	1.24408
0.84	0.28	1.26516
0.84	0.3	1.2866
0.84	0.32	1.30839
0.84	0.34	1.33056
0.84	0.36	1.3531
0.84	0.38	1.37603
0.84	0.4	1.39934
0.84	0.42	1.42305
0.84	0.44	1.44716
0.84	0.46	1.47167
0.84	0.48	1.49661
0.84	0.5	1.52196
0.84	0.52	1.54775
0.84	0.54	1.57397
0.84	0.56	1.60063
0.84	0.58	1.62775
0.84	0.6	1.65533
0.84	0.62	1.68337
0.84	0.64	1.71189
0.84	0.66	1.7409
0.84	0.68	1.77039
0.84	0.7	1.80038
0.84	0.72	1.83089
0.84	0.74	1.8619
0.84	0.76	1.89345
0.84	0.78	1.92553
0.84	0.8	1.95815
0.84	0.82	1.99132
0.84	0.84	2.02506
0.84	0.86	2.05937
0.84	0.88	2.09426
0.84	0.9	2.12974
0.84	0.92	2.16582
0.84	0.94	2.20252
0.84	0.96	2.23983
0.84	0.98	2.27778
0.84	1	2.31637
0.88	0	1
0.88	0.02	1.01776
0.88	0.04	1.03583
0.88	0.06	1.05422
0.88	0.08	1.07294
0.88	0.1	1.09199
0.88	0.12	1.11138
0.88	0.14	1.13111
0.88	0.16	1.15119
0.88	0.18	1.17163
0.88	0.2	1.19244
0.88	0.22	1.21361
0.88	0.24	1.23516
0.88	0.26	1.25709
0.88	0.28	1.27941
0.88	0.3	1.30213
0.88	0.32	1.32525
0.88	0.34	1.34878
0.88	0.36	1.37273
0.88	0.38	1.3971
0.88	0.4	1.42191
0.88	0.42	1.44716
0.88	0.44	1.47285
0.88	0.46	1.499
0.88	0.48	1.52562
0.88	0.5	1.55271
0.88	0.52	1.58028
0.88	0.54	1.60834
0.88	0.56	1.63689
0.88	0.58	1.66596
0.88	0.6	1.69554
0.88	0.62	1.72564
0.88	0.64	1.75628
0.88	0.66	1.78747
0.88	0.68	1.81921
0.88	0.7	1.85151
0.88	0.72	1.88438
0.88	0.74	1.91784
0.88	0.76	1.95189
0.88	0.78	1.98655
0.88	0.8	2.02182
0.88	0.82	2.05772
0.88	0.84	2.09426
0.88	0.86	2.13144
0.88	0.88	2.16929
0.88	0.9	2.20781
0.88	0.92	2.24701
0.88	0.94	2.28691
0.88	0.96	2.32751
0.88	0.98	2.36884
0.88	1	2.4109
0.92	0	1
0.92	0.02	1.01857
0.92	0.04	1.03749
0.92	0.06	1.05675
0.92	0.08	1.07638
0.92	0.1	1.09636
0.92	0.12	1.11672
0.92	0.14	1.13746
0.92	0.16	1.15859
0.92	0.18	1.1801
0.92	0.2	1.20202
0.92	0.22	1.22434
0.92	0.24	1.24707
0.92	0.26	1.27023
0.92	0.28	1.29382
0.92	0.3	1.31785
0.92	0.32	1.34232
0.92	0.34	1.36725
0.92	0.36	1.39264
0.92	0.38	1.4185
0.92	0.4	1.44484
0.92	0.42	1.47167
0.92	0.44	1.499
0.92	0.46	1.52684
0.92	0.48	1.55519
0.92	0.5	1.58407
0.92	0.52	1.61349
0.92	0.54	1.64345
0.92	0.56	1.67397
0.92	0.58	1.70506
0.92	0.6	1.73672
0.92	0.62	1.76897
0.92	0.64	1.80182
0.92	0.66	1.83529
0.92	0.68	1.86937
0.92	0.7	1.90408
0.92	0.72	1.93944
0.92	0.74	1.97546
0.92	0.76	2.01214
0.92	0.78	2.04951
0.92	0.8	2.08757
0.92	0.82	2.12634
0.92	0.84	2.16582
0.92	0.86	2.20604
0.92	0.88	2.24701
0.92	0.9	2.28874
0.92	0.92	2.33124
0.92	0.94	2.37453
0.92	0.96	2.41863
0.92	0.98	2.46354
0.92	1	2.50929
0.96	0	1
0.96	0.02	1.01939
0.96	0.04	1.03915
0.96	0.06	1.05929
0.96	0.08	1.07983
0.96	0.1	1.10076
0.96	0.12	1.1221
0.96	0.14	1.14385
0.96	0.16	1.16602
0.96	0.18	1.18863
0.96	0.2	1.21167
0.96	0.22	1.23516
0.96	0.24	1.2591
0.96	0.26	1.28351
0.96	0.28	1.30839
0.96	0.3	1.33376
0.96	0.32	1.35961
0.96	0.34	1.38597
0.96	0.36	1.41284
0.96	0.38	1.44023
0.96	0.4	1.46815
0.96	0.42	1.49661
0.96	0.44	1.52562
0.96	0.46	1.55519
0.96	0.48	1.58534
0.96	0.5	1.61607
0.96	0.52	1.6474
0.96	0.54	1.67934
0.96	0.56	1.71189
0.96	0.58	1.74508
0.96	0.6	1.77891
0.96	0.62	1.81339
0.96	0.64	1.84855
0.96	0.66	1.88438
0.96	0.68	1.92091
0.96	0.7	1.95815
0.96	0.72	1.99611
0.96	0.74	2.03481
0.96	0.76	2.07425
0.96	0.78	2.11446
0.96	0.8	2.15545
0.96	0.82	2.19724
0.96	0.84	2.23983
0.96	0.86	2.28325
0.96	0.88	2.32751
0.96	0.9	2.37263
0.96	0.92	2.41863
0.96	0.94	2.46551
0.96	0.96	2.51331
0.96	0.98	2.56203
0.96	1	2.6117
1	0	1
1	0.02	1.0202
1	0.04	1.04081
1	0.06	1.06184
1	0.08	1.08329
1	0.1	1.10517
1	0.12	1.1275
1	0.14	1.15027
1	0.16	1.17351
1	0.18	1.19722
1	0.2	1.2214
1	0.22	1.24608
1	0.24	1.27125
1	0.26	1.29693
1	0.28	1.32313
1	0.3	1.34986
1	0.32	1.37713
1	0.34	1.40495
1	0.36	1.43333
1	0.38	1.46228
1	0.4	1.49182
1	0.42	1.52196
1	0.44	1.55271
1	0.46	1.58407
1	0.48	1.61607
1	0.5	1.64872
1	0.52	1.68203
1	0.54	1.71601
1	0.56	1.75067
1	0.58	1.78604
1	0.6	1.82212
1	0.62	1.85893
1	0.64	1.89648
1	0.66	1.93479
1	0.68	1.97388
1	0.7	2.01375
1	0.72	2.05443
1	0.74	2.09594
1	0.76	2.13828
1	0.78	2.18147
1	0.8	2.22554
1	0.82	2.2705
1	0.84	2.31637
1	0.86	2.36316
1	0.88	2.4109
1	0.9	2.4596
1	0.92	2.50929
1	0.94	2.55998
1	0.96	2.6117
1	0.98	2.66446
1	1	2.71828
1.04	0	1
1.04	0.02	1.02102
1.04	0.04	1.04248
1.04	0.06	1.06439
1.04	0.08	1.08676
1.04	0.1	1.1096
1.04	0.12	1.13292
1.04	0.14	1.15673
1.04	0.16	1.18105
1.04	0.18	1.20587
1.04	0.2	1.23121
1.04	0.22	1.25709
1.04	0.24	1.28351
1.04	0.26	1.31049
1.04	0.28	1.33803
1.04	0.3	1.36615
1.04	0.32	1.39487
1.04	0.34	1.42419
1.04	0.36	1.45412
1.04	0.38	1.48468
1.04	0.4	1.51589
1.04	0.42	1.54775
1.04	0.44	1.58028
1.04	0.46	1.61349
1.04	0.48	1.6474
1.04	0.5	1.68203
1.04	0.52	1.71738
1.04	0.54	1.75348
1.04	0.56	1.79033
1.04	0.58	1.82796
1.04	0.6	1.86638
1.04	0.62	1.90561
1.04	0.64	1.94566
1.04	0.66	1.98655
1.04	0.68	2.0283
1.04	0.7	2.07093
1.04	0.72	2.11446
1.04	0.74	2.1589
1.04	0.76	2.20428
1.04	0.78	2.25061
1.04	0.8	2.29791
1.04	0.82	2.34621
1.04	0.84	2.39552
1.04	0.86	2.44587
1.04	0.88	2.49727
1.04	0.9	2.54976
1.04	0.92	2.60335
1.04	0.94	2.65807
1.04	0.96	2.71394
1.04	0.98	2.77098
1.04	1	2.82922
1.08	0	1
1.08	0.02	1.02183
1.08	0.04	1.04415
1.08	0.06	1.06695
1.08	0.08	1.09024
1.08	0.1	1.11405
1.08	0.12	1.13837
1.08	0.14	1.16323
1.08	0.16	1.18863
1.08	0.18	1.21458
1.08	0.2	1.2411
1.08	0.22	1.2682
1.08	0.24	1.29589
1.08	0.26	1.32419
1.08	0.28	1.3531
1.08	0.3	1.38265
1.08	0.32	1.41284
1.08	0.34	1.44369
1.08	0.36	1.47521
1.08	0.38	1.50742
1.08	0.4	1.54034
1.08	0.42	1.57397
1.08	0.44	1.60834
1.08	0.46	1.64345
1.08	0.48	1.67934
1.08	0.5	1.71601
1.08	0.52	1.75348
1.08	0.54	1.79176
1.08	0.56	1.83089
1.08	0.58	1.87086
1.08	0.6	1.91171
1.08	0.62	1.95346
1.08	0.64	1.99611
1.08	0.66	2.03969
1.08	0.68	2.08423
1.08	0.7	2.12974
1.08	0.72	2.17624
1.08	0.74	2.22376
1.08	0.76	2.27232
1.08	0.78	2.32193
1.08	0.8	2.37263
1.08	0.82	2.42444
1.08	0.84	2.47738
1.08	0.86	2.53147
1.08	0.88	2.58674
1.08	0.9	2.64323
1.08	0.92	2.70094
1.08	0.94	2.75992
1.08	0.96	2.82018
1.08	0.98	2.88176
1.08	1	2.94468
1.12	0	1
1.12	0.02	1.02265
1.12	0.04	1.04582
1.12	0.06	1.06951
1.12	0.08	1.09374
1.12	0.1	1.11851
1.12	0.12	1.14385
1.12	0.14	1.16976
1.12	0.16	1.19626
1.12	0.18	1.22336
1.12	0.2	1.25107
1.12	0.22	1.27941
1.12	0.24	1.30839
1.12	0.26	1.33803
1.12	0.28	1.36834
1.12	0.3	1.39934
1.12	0.32	1.43104
1.12	0.34	1.46345
1.12	0.36	1.49661
1.12	0.38	1.53051
1.12	0.4	1.56518
1.12	0.42	1.60063
1.12	0.44	1.63689
1.12	0.46	1.67397
1.12	0.48	1.71189
1.12	0.5	1.75067
1.12	0.52	1.79033
1.12	0.54	1.83089
1.12	0.56	1.87236
1.12	0.58	1.91477
1.12	0.6	1.95815
1.12	0.62	2.00251
1.12	0.64	2.04787
1.12	0.66	2.09426
1.12	0.68	2.1417
1.12	0.7	2.19022
1.12	0.72	2.23983
1.12	0.74	2.29057
1.12	0.76	2.34246
1.12	0.78	2.39552
1.12	0.8	2.44978
1.12	0.82	2.50528
1.12	0.84	2.56203
1.12	0.86	2.62007
1.12	0.88	2.67942
1.12	0.9	2.74012
1.12	0.92	2.80219
1.12	0.94	2.86566
1.12	0.96	2.93058
1.12	0.98	2.99696
1.12	1	3.06485
1.16	0	1
1.16	0.02	1.02347
1.16	0.04	1.04749
1.16	0.06	1.07208
1.16	0.08	1.09724
1.16	0.1	1.123
1.16	0.12	1.14935
1.16	0.14	1.17633
1.16	0.16	1.20394
1.16	0.18	1.2322
1.16	0.2	1.26112
1.16	0.22	1.29072
1.16	0.24	1.32101
1.16	0.26	1.35202
1.16	0.28	1.38375
1.16	0.3	1.41623
1.16	0.32	1.44947
1.16	0.34	1.48349
1.16	0.36	1.51831
1.16	0.38	1.55395
1.16	0.4	1.59042
1.16	0.42	1.62775
1.16	0.44	1.66596
1.16	0.46	1.70506
1.16	0.48	1.74508
1.16	0.5	1.78604
1.16	0.52	1.82796
1.16	0.54	1.87086
1.16	0.56	1.91477
1.16	0.58	1.95972
1.16	0.6	2.00571
1.16	0.62	2.05279
1.16	0.64	2.10097
1.16	0.66	2.15028
1.16	0.68	2.20075
1.16	0.7	2.25241
1.16	0.72	2.30528
1.16	0.74	2.35938
1.16	0.76	2.41476
1.16	0.78	2.47144
1.16	0.8	2.52945
1.16	0.82	2.58881
1.16	0.84	2.64958
1.16	0.86	2.71177
1.16	0.88	2.77541
1.16	0.9	2.84056
1.16	0.92	2.90723
1.16	0.94	2.97546
1.16	0.96	3.0453
1.16	0.98	3.11678
1.16	1	3.18993
1.2	0	1
1.2	0.02	1.02429
1.2	0.04	1.04917
1.2	0.06	1.07466
1.2	0.08	1.10076
1.2	0.1	1.1275
1.2	0.12	1.15488
1.2	0.14	1.18294
1.2	0.16	1.21167
1.2	0.18	1.2411
1.2	0.2	1.27125
1.2	0.22	1.30213
1.2	0.24	1.33376
1.2	0.26	1.36615
1.2	0.28	1.39934
1.2	0.3	1.43333
1.2	0.32	1.46815
1.2	0.34	1.50381
1.2	0.36	1.54034
1.2	0.38	1.57775
1.2	0.4	1.61607
1.2	0.42	1.65533
1.2	0.44	1.69554
1.2	0.46	1.73672
1.2	0.48	1.77891
1.2	0.5	1.82212
1.2	0.52	1.86638
1.2	0.54	1.91171
1.2	0.56	1.95815
1.2	0.58	2.00571
1.2	0.6	2.05443
1.2	0.62	2.10434
1.2	0.64	2.15545
1.2	0.66	2.20781
1.2	0.68	2.26144
1.2	0.7	2.31637
1.2	0.72	2.37263
1.2	0.74	2.43026
1.2	0.76	2.4893
1.2	0.78	2.54976
1.2	0.8	2.6117
1.2	0.82	2.67514
1.2	0.84	2.74012
1.2	0.86	2.80667
1.2	0.88	2.87485
1.2	0.9	2.94468
1.2	0.92	3.01621
1.2	0.94	3.08947
1.2	0.96	3.16452
1.2	0.98	3.24138
1.2	1	3.32012
1.24	0	1
1.24	0.02	1.02511
1.24	0.04	1.05085
1.24	0.06	1.07724
1.24	0.08	1.10429
1.24	0.1	1.13202
1.24	0.12	1.16044
1.24	0.14	1.18958
1.24	0.16	1.21945
1.24	0.18	1.25007
1.24	0.2	1.28146
1.24	0.22	1.31364
1.24	0.24	1.34662
1.24	0.26	1.38044
1.24	0.28	1.4151
1.24	0.3	1.45063
1.24	0.32	1.48706
1.24	0.34	1.5244
1.24	0.36	1.56268
1.24	0.38	1.60192
1.24	0.4	1.64214
1.24	0.42	1.68337
1.24	0.44	1.72564
1.24	0.46	1.76897
1.24	0.48	1.81339
1.24	0.5	1.85893
1.24	0.52	1.90561
1.24	0.54	1.95346
1.24	0.56	2.00251
1.24	0.58	2.05279
1.24	0.6	2.10434
1.24	0.62	2.15718
1.24	0.64	2.21134
1.24	0.66	2.26687
1.24	0.68	2.32379
1.24	0.7	2.38214
1.24	0.72	2.44196
1.24	0.74	2.50328
1.24	0.76	2.56613
1.24	0.78	2.63057
1.24	0.8	2.69662
1.24	0.82	2.76433
1.24	0.84	2.83375
1.24	0.86	2.9049
1.24	0.88	2.97785
1.24	0.9	3.05262
1.24	0.92	3.12927
1.24	0.94	3.20785
1.24	0.96	3.2884
1.24	0.98	3.37097
1.24	1	3.45561
1.28	0	1
1.28	0.02	1.02593
1.28	0.04	1.05253
1.28	0.06	1.07983
1.28	0.08	1.10783
1.28	0.1	1.13655
1.28	0.12	1.16602
1.28	0.14	1.19626
1.28	0.16	1.22728
1.28	0.18	1.2591
1.28	0.2	1.29175
1.28	0.22	1.32525
1.28	0.24	1.35961
1.28	0.26	1.39487
1.28	0.28	1.43104
1.28	0.3	1.46815
1.28	0.32	1.50622
1.28	0.34	1.54527
1.28	0.36	1.58534
1.28	0.38	1.62645
1.28	0.4	1.66863
1.28	0.42	1.71189
1.28	0.44	1.75628
1.28	0.46	1.80182
1.28	0.48	1.84855
1.28	0.5	1.89648
1.28	0.52	1.94566
1.28	0.54	1.99611
1.28	0.56	2.04787
1.28	0.58	2.10097
1.28	0.6	2.15545
1.28	0.62	2.21134
1.28	0.64	2.26868
1.28	0.66	2.32751
1.28	0.68	2.38787
1.28	0.7	2.44978
1.28	0.72	2.51331
1.28	0.74	2.57848
1.28	0.76	2.64534
1.28	0.78	2.71394
1.28	0.8	2.78431
1.28	0.82	2.85651
1.28	0.84	2.93058
1.28	0.86	3.00657
1.28	0.88	3.08453
1.28	0.9	3.16452
1.28	0.92	3.24657
1.28	0.94	3.33076
1.28	0.96	3.41713
1.28	0.98	3.50573
1.28	1	3.59664
1.32	0	1
1.32	0.02	1.02675
1.32	0.04	1.05422
1.32	0.06	1.08242
1.32	0.08	1.11138
1.32	0.1	1.14111
1.32	0.12	1.17163
1.32	0.14	1.20298
1.32	0.16	1.23516
1.32	0.18	1.2682
1.32	0.2	1.30213
1.32	0.22	1.33696
1.32	0.24	1.37273
1.32	0.26	1.40945
1.32	0.28	1.44716
1.32	0.3	1.48587
1.32	0.32	1.52562
1.32	0.34	1.56643
1.32	0.36	1.60834
1.32	0.38	1.65136
1.32	0.4	1.69554
1.32	0.42	1.7409
1.32	0.44	1.78747
1.32	0.46	1.83529
1.32	0.48	1.88438
1.32	0.5	1.93479
1.32	0.52	1.98655
1.32	0.54	2.03969
1.32	0.56	2.09426
1.32	0.58	2.15028
1.32	0.6	2.20781
1.32	0.62	2.26687
1.32	0.64	2.32751
1.32	0.66	2.38978
1.32	0.68	2.45371
1.32	0.7	2.51935
1.32	0.72	2.58674
1.32	0.74	2.65594
1.32	0.76	2.72699
1.32	0.78	2.79995
1.32	0.8	2.87485
1.32	0.82	2.95176
1.32	0.84	3.03072
1.32	0.86	3.1118
1.32	0.88	3.19504
1.32	0.9	3.28051
1.32	0.92	3.36827
1.32	0.94	3.45838
1.32	0.96	3.5509
1.32	0.98	3.64589
1.32	1	3.74342
1.36	0	1
1.36	0.02	1.02757
1.36	0.04	1.05591
1.36	0.06	1.08502
1.36	0.08	1.11494
1.36	0.1	1.14568
1.36	0.12	1.17727
1.36	0.14	1.20973
1.36	0.16	1.24309
1.36	0.18	1.27737
1.36	0.2	1.31259
1.36	0.22	1.34878
1.36	0.24	1.38597
1.36	0.26	1.42419
1.36	0.28	1.46345
1.36	0.3	1.50381
1.36	0.32	1.54527
1.36	0.34	1.58788
1.36	0.36	1.63166
1.36	0.38	1.67665
1.36	0.4	1.72288
1.36	0.42	1.77039
1.36	0.44	1.81921
1.36	0.46	1.86937
1.36	0.48	1.92091
1.36	0.5	1.97388
1.36	0.52	2.0283
1.36	0.54	2.08423
1.36	0.56	2.1417
1.36	0.58	2.20075
1.36	0.6	2.26144
1.36	0.62	2.32379
1.36	0.64	2.38787
1.36	0.66	2.45371
1.36	0.68	2.52136
1.36	0.7	2.59089
1.36	0.72	2.66233
1.36	0.74	2.73573
1.36	0.76	2.81117
1.36	0.78	2.88868
1.36	0.8	2.96833
1.36	0.82	3.05018
1.36	0.84	3.13428
1.36	0.86	3.2207
1.36	0.88	3.30951
1.36	0.9	3.40076
1.36	0.92	3.49453
1.36	0.94	3.59089
1.36	0.96	3.6899
1.36	0.98	3.79165
1.36	1	3.89619
1.4	0	1
1.4	0.02	1.0284
1.4	0.04	1.0576
1.4	0.06	1.08763
1.4	0.08	1.11851
1.4	0.1	1.15027
1.4	0.12	1.18294
1.4	0.14	1.21653
1.4	0.16	1.25107
1.4	0.18	1.2866
1.4	0.2	1.32313
1.4	0.22	1.3607
1.4	0.24	1.39934
1.4	0.26	1.43907
1.4	0.28	1.47994
1.4	0.3	1.52196
1.4	0.32	1.56518
1.4	0.34	1.60962
1.4	0.36	1.65533
1.4	0.38	1.70233
1.4	0.4	1.75067
1.4	0.42	1.80038
1.4	0.44	1.85151
1.4	0.46	1.90408
1.4	0.48	1.95815
1.4	0.5	2.01375
1.4	0.52	2.07093
1.4	0.54	2.12974
1.4	0.56	2.19022
1.4	0.58	2.25241
1.4	0.6	2.31637
1.4	0.62	2.38214
1.4	0.64	2.44978
1.4	0.66	2.51935
1.4	0.68	2.59089
1.4	0.7	2.66446
1.4	0.72	2.74012
1.4	0.74	2.81792
1.4	0.76	2.89794
1.4	0.78	2.98023
1.4	0.8	3.06485
1.4	0.82	3.15188
1.4	0.84	3.24138
1.4	0.86	3.33342
1.4	0.88	3.42808
1.4	0.9	3.52542
1.4	0.92	3.62553
1.4	0.94	3.72848
1.4	0.96	3.83435
1.4	0.98	3.94323
1.4	1	4.0552
1.44	0	1
1.44	0.02	1.02922
1.44	0.04	1.05929
1.44	0.06	1.09024
1.44	0.08	1.1221
1.44	0.1	1.15488
1.44	0.12	1.18863
1.44	0.14	1.22336
1.44	0.16	1.2591
1.44	0.18	1.29589
1.44	0.2	1.33376
1.44	0.22	1.37273
1.44	0.24	1.41284
1.44	0.26	1.45412
1.44	0.28	1.49661
1.44	0.3	1.54034
1.44	0.32	1.58534
1.44	0.34	1.63166
1.44	0.36	1.67934
1.44	0.38	1.72841
1.44	0.4	1.77891
1.44	0.42	1.83089
1.44	0.44	1.88438
1.44	0.46	1.93944
1.44	0.48	1.99611
1.44	0.5	2.05443
1.44	0.52	2.11446
1.44	0.54	2.17624
1.44	0.56	2.23983
1.44	0.58	2.30528
1.44	0.6	2.37263
1.44	0.62	2.44196
1.44	0.64	2.51331
1.44	0.66	2.58674
1.44	0.68	2.66233
1.44	0.7	2.74012
1.44	0.72	2.82018
1.44	0.74	2.90258
1.44	0.76	2.98739
1.44	0.78	3.07468
1.44	0.8	3.16452
1.44	0.82	3.25698
1.44	0.84	3.35214
1.44	0.86	3.45009
1.44	0.88	3.5509
1.44	0.9	3.65465
1.44	0.92	3.76143
1.44	0.94	3.87134
1.44	0.96	3.98445
1.44	0.98	4.10087
1.44	1	4.2207
1.48	0	1
1.48	0.02	1.03004
1.48	0.04	1.06099
1.48	0.06	1.09286
1.48	0.08	1.12569
1.48	0.1	1.15951
1.48	0.12	1.19435
1.48	0.14	1.23023
1.48	0.16	1.26719
1.48	0.18	1.30526
1.48	0.2	1.34447
1.48	0.22	1.38486
1.48	0.24	1.42647
1.48	0.26	1.46932
1.48	0.28	1.51346
1.48	0.3	1.55893
1.48	0.32	1.60576
1.48	0.34	1.65401
1.48	0.36	1.7037
1.48	0.38	1.75488
1.48	0.4	1.8076
1.48	0.42	1.8619
1.48	0.44	1.91784
1.48	0.46	1.97546
1.48	0.48	2.03481
1.48	0.5	2.09594
1.48	0.52	2.1589
1.48	0.54	2.22376
1.48	0.56	2.29057
1.48	0.58	2.35938
1.48	0.6	2.43026
1.48	0.62	2.50328
1.48	0.64	2.57848
1.48	0.66	2.65594
1.48	0.68	2.73573
1.48	0.7	2.81792
1.48	0.72	2.90258
1.48	0.74	2.98978
1.48	0.76	3.0796
1.48	0.78	3.17212
1.48	0.8	3.26742
1.48	0.82	3.36558
1.48	0.84	3.46669
1.48	0.86	3.57084
1.48	0.88	3.67811
1.48	0.9	3.78861
1.48	0.92	3.90243
1.48	0.94	4.01967
1.48	0.96	4.14043
1.48	0.98	4.26482
1.48	1	4.39295
1.52	0	1
1.52	0.02	1.03087
1.52	0.04	1.06269
1.52	0.06	1.09549
1.52	0.08	1.1293
1.52	0.1	1.16416
1.52	0.12	1.20009
1.52	0.14	1.23714
1.52	0.16	1.27532
1.52	0.18	1.31469
1.52	0.2	1.35527
1.52	0.22	1.3971
1.52	0.24	1.44023
1.52	0.26	1.48468
1.52	0.28	1.53051
1.52	0.3	1.57775
1.52	0.32	1.62645
1.52	0.34	1.67665
1.52	0.36	1.72841
1.52	0.38	1.78176
1.52	0.4	1.83675
1.52	0.42	1.89345
1.52	0.44	1.95189
1.52	0.46	2.01214
1.52	0.48	2.07425
1.52	0.5	2.13828
1.52	0.52	2.20428
1.52	0.54	2.27232
1.52	0.56	2.34246
1.52	0.58	2.41476
1.52	0.6	2.4893
1.52	0.62	2.56613
1.52	0.64	2.64534
1.52	0.66	2.72699
1.52	0.68	2.81117
1.52	0.7	2.89794
1.52	0.72	2.98739
1.52	0.74	3.0796
1.52	0.76	3.17466
1.52	0.78	3.27265
1.52	0.8	3.37367
1.52	0.82	3.4778
1.52	0.84	3.58515
1.52	0.86	3.69581
1.52	0.88	3.80989
1.52	0.9	3.92749
1.52	0.92	4.04872
1.52	0.94	4.17369
1.52	0.96	4.30252
1.52	0.98	4.43532
1.52	1	4.57223
1.56	0	1
1.56	0.02	1.03169
1.56	0.04	1.06439
1.56	0.06	1.09812
1.56	0.08	1.13292
1.56	0.1	1.16883
1.56	0.12	1.20587
1.56	0.14	1.24408
1.56	0.16	1.28351
1.56	0.18	1.32419
1.56	0.2	1.36615
1.56	0.22	1.40945
1.56	0.24	1.45412
1.56	0.26	1.5002
1.56	0.28	1.54775
1.56	0.3	1.5968
1.56	0.32	1.6474
1.56	0.34	1.69961
1.56	0.36	1.75348
1.56	0.38	1.80905
1.56	0.4	1.86638
1.56	0.42	1.92553
1.56	0.44	1.98655
1.56	0.46	2.04951
1.56	0.48	2.11446
1.56	0.5	2.18147
1.56	0.52	2.25061
1.56	0.54	2.32193
1.56	0.56	2.39552
1.56	0.58	2.47144
1.56	0.6	2.54976
1.56	0.62	2.63057
1.56	0.64	2.71394
1.56	0.66	2.79995
1.56	0.68	2.88868
1.56	0.7	2.98023
1.56	0.72	3.07468
1.56	0.74	3.17212
1.56	0.76	3.27265
1.56	0.78	3.37637
1.56	0.8	3.48337
1.56	0.82	3.59376
1.56	0.84	3.70766
1.56	0.86	3.82516
1.56	0.88	3.94639
1.56	0.9	4.07145
1.56	0.92	4.20049
1.56	0.94	4.33361
1.56	0.96	4.47095
1.56	0.98	4.61264
1.56	1	4.75882
1.6	0	1
1.6	0.02	1.03252
1.6	0.04	1.06609
1.6	0.06	1.10076
1.6	0.08	1.13655
1.6	0.1	1.17351
1.6	0.12	1.21167
1.6	0.14	1.25107
1.6	0.16	1.29175
1.6	0.18	1.33376
1.6	0.2	1.37713
1.6	0.22	1.42191
1.6	0.24	1.46815
1.6	0.26	1.51589
1.6	0.28	1.56518
1.6	0.3	1.61607
1.6	0.32	1.66863
1.6	0.34	1.72288
1.6	0.36	1.77891
1.6	0.38	1.83675
1.6	0.4	1.89648
1.6	0.42	1.95815
1.6	0.44	2.02182
1.6	0.46	2.08757
1.6	0.48	2.15545
1.6	0.5	2.22554
1.6	0.52	2.29791
1.6	0.54	2.37263
1.6	0.56	2.44978
1.6	0.58	2.52945
1.6	0.6	2.6117
1.6	0.62	2.69662
1.6	0.64	2.78431
1.6	0.66	2.87485
1.6	0.68	2.96833
1.6	0.7	3.06485
1.6	0.72	3.16452
1.6	0.74	3.26742
1.6	0.76	3.37367
1.6	0.78	3.48337
1.6	0.8	3.59664
1.6	0.82	3.71359
1.6	0.84	3.83435
1.6	0.86	3.95903
1.6	0.88	4.08777
1.6	0.9	4.2207
1.6	0.92	4.35794
1.6	0.94	4.49965
1.6	0.96	4.64597
1.6	0.98	4.79704
1.6	1	4.95303
1.64	0	1
1.64	0.02	1.03334
1.64	0.04	1.0678
1.64	0.06	1.1034
1.64	0.08	1.1402
1.64	0.1	1.17821
1.64	0.12	1.2175
1.64	0.14	1.2581
1.64	0.16	1.30005
1.64	0.18	1.3434
1.64	0.2	1.38819
1.64	0.22	1.43448
1.64	0.24	1.48231
1.64	0.26	1.53173
1.64	0.28	1.58281
1.64	0.3	1.63558
1.64	0.32	1.69012
1.64	0.34	1.74648
1.64	0.36	1.80471
1.64	0.38	1.86489
1.64	0.4	1.92707
1.64	0.42	1.99132
1.64	0.44	2.05772
1.64	0.46	2.12634
1.64	0.48	2.19724
1.64	0.5	2.2705
1.64	0.52	2.34621
1.64	0.54	2.42444
1.64	0.56	2.50528
1.64	0.58	2.58881
1.64	0.6	2.67514
1.64	0.62	2.76433
1.64	0.64	2.85651
1.64	0.66	2.95176
1.64	0.68	3.05018
1.64	0.7	3.15188
1.64	0.72	3.25698
1.64	0.74	3.36558
1.64	0.76	3.4778
1.64	0.78	3.59376
1.64	0.8	3.71359
1.64	0.82	3.83742
1.64	0.84	3.96537
1.64	0.86	4.09759
1.64	0.88	4.23422
1.64	0.9	4.37541
1.64	0.92	4.5213
1.64	0.94	4.67206
1.64	0.96	4.82784
1.64	0.98	4.98882
1.64	1	5.15517
1.68	0	1
1.68	0.02	1.03417
1.68	0.04	1.06951
1.68	0.06	1.10606
1.68	0.08	1.14385
1.68	0.1	1.18294
1.68	0.12	1.22336
1.68	0.14	1.26516
1.68	0.16	1.30839
1.68	0.18	1.3531
1.68	0.2	1.39934
1.68	0.22	1.44716
1.68	0.24	1.49661
1.68	0.26	1.54775
1.68	0.28	1.60063
1.68	0.3	1.65533
1.68	0.32	1.71189
1.68	0.34	1.77039
1.68	0.36	1.83089
1.68	0.38	1.89345
1.68	0.4	1.95815
1.68	0.42	2.02506
1.68	0.44	2.09426
1.68	0.46	2.16582
1.68	0.48	2.23983
1.68	0.5	2.31637
1.68	0.52	2.39552
1.68	0.54	2.47738
1.68	0.56	2.56203
1.68	0.58	2.64958
1.68	0.6	2.74012
1.68	0.62	2.83375
1.68	0.64	2.93058
1.68	0.66	3.03072
1.68	0.68	3.13428
1.68	0.7	3.24138
1.68	0.72	3.35214
1.68	0.74	3.46669
1.68	0.76	3.58515
1.68	0.78	3.70766
1.68	0.8	3.83435
1.68	0.82	3.96537
1.68	0.84	4.10087
1.68	0.86	4.241
1.68	0.88	4.38592
1.68	0.9	4.53579
1.68	0.92	4.69079
1.68	0.94	4.85107
1.68	0.96	5.01684
1.68	0.98	5.18827
1.68	1	5.36556
1.72	0	1
1.72	0.02	1.035
1.72	0.04	1.07122
1.72	0.06	1.10871
1.72	0.08	1.14752
1.72	0.1	1.18768
1.72	0.12	1.22924
1.72	0.14	1.27227
1.72	0.16	1.31679
1.72	0.18	1.36288
1.72	0.2	1.41058
1.72	0.22	1.45995
1.72	0.24	1.51104
1.72	0.26	1.56393
1.72	0.28	1.61866
1.72	0.3	1.67531
1.72	0.32	1.73395
1.72	0.34	1.79463
1.72	0.36	1.85744
1.72	0.38	1.92245
1.72	0.4	1.98973
1.72	0.42	2.05937
1.72	0.44	2.13144
1.72	0.46	2.20604
1.72	0.48	2.28325
1.72	0.5	2.36316
1.72	0.52	2.44587
1.72	0.54	2.53147
1.72	0.56	2.62007
1.72	0.58	2.71177
1.72	0.6	2.80667
1.72	0.62	2.9049
1.72	0.64	3.00657
1.72	0.66	3.1118
1.72	0.68	3.2207
1.72	0.7	3.33342
1.72	0.72	3.45009
1.72	0.74	3.57084
1.72	0.76	3.69581
1.72	0.78	3.82516
1.72	0.8	3.95903
1.72	0.82	4.09759
1.72	0.84	4.241
1.72	0.86	4.38943
1.72	0.88	4.54306
1.72	0.9	4.70206
1.72	0.92	4.86662
1.72	0.94	5.03695
1.72	0.96	5.21323
1.72	0.98	5.39569
1.72	1	5.58453
1.76	0	1
1.76	0.02	1.03583
1.76	0.04	1.07294
1.76	0.06	1.11138
1.76	0.08	1.15119
1.76	0.1	1.19244
1.76	0.12	1.23516
1.76	0.14	1.27941
1.76	0.16	1.32525
1.76	0.18	1.37273
1.76	0.2	1.42191
1.76	0.22	1.47285
1.76	0.24	1.52562
1.76	0.26	1.58028
1.76	0.28	1.63689
1.76	0.3	1.69554
1.76	0.32	1.75628
1.76	0.34	1.81921
1.76	0.36	1.88438
1.76	0.38	1.95189
1.76	0.4	2.02182
1.76	0.42	2.09426
1.76	0.44	2.16929
1.76	0.46	2.24701
1.76	0.48	2.32751
1.76	0.5	2.4109
1.76	0.52	2.49727
1.76	0.54	2.58674
1.76	0.56	2.67942
1.76	0.58	2.77541
1.76	0.6	2.87485
1.76	0.62	2.97785
1.76	0.64	3.08453
1.76	0.66	3.19504
1.76	0.68	3.30951
1.76	0.7	3.42808
1.76	0.72	3.5509
1.76	0.74	3.67811
1.76	0.76	3.80989
1.76	0.78	3.94639
1.76	0.8	4.08777
1.76	0.82	4.23422
1.76	0.84	4.38592
1.76	0.86	4.54306
1.76	0.88	4.70582
1.76	0.9	4.87441
1.76	0.92	5.04905
1.76	0.94	5.22994
1.76	0.96	5.41731
1.76	0.98	5.6114
1.76	1	5.81244
1.8	0	1
1.8	0.02	1.03666
1.8	0.04	1.07466
1.8	0.06	1.11405
1.8	0.08	1.15488
1.8	0.1	1.19722
1.8	0.12	1.2411
1.8	0.14	1.2866
1.8	0.16	1.33376
1.8	0.18	1.38265
1.8	0.2	1.43333
1.8	0.22	1.48587
1.8	0.24	1.54034
1.8	0.26	1.5968
1.8	0.28	1.65533
1.8	0.3	1.71601
1.8	0.32	1.77891
1.8	0.34	1.84412
1.8	0.36	1.91171
1.8	0.38	1.98179
1.8	0.4	2.05443
1.8	0.42	2.12974
1.8	0.44	2.20781
1.8	0.46	2.28874
1.8	0.48	2.37263
1.8	0.5	2.4596
1.8	0.52	2.54976
1.8	0.54	2.64323
1.8	0.56	2.74012
1.8	0.58	2.84056
1.8	0.6	2.94468
1.8	0.62	3.05262
1.8	0.64	3.16452
1.8	0.66	3.28051
1.8	0.68	3.40076
1.8	0.7	3.52542
1.8	0.72	3.65465
1.8	0.74	3.78861
1.8	0.76	3.92749
1.8	0.78	4.07145
1.8	0.8	4.2207
1.8	0.82	4.37541
1.8	0.84	4.53579
1.8	0.86	4.70206
1.8	0.88	4.87441
1.8	0.9	5.05309
1.8	0.92	5.23832
1.8	0.94	5.43033
1.8	0.96	5.62938
1.8	0.98	5.83573
1.8	1	6.04965
1.84	0	1
1.84	0.02	1.03749
1.84	0.04	1.07638
1.84	0.06	1.11672
1.84	0.08	1.15859
1.84	0.1	1.20202
1.84	0.12	1.24707
1.84	0.14	1.29382
1.84	0.16	1.34232
1.84	0.18	1.39264
1.84	0.2	1.44484
1.84	0.22	1.499
1.84	0.24	1.55519
1.84	0.26	1.61349
1.84	0.28	1.67397
1.84	0.3	1.73672
1.84	0.32	1.80182
1.84	0.34	1.86937
1.84	0.36	1.93944
1.84	0.38	2.01214
1.84	0.4	2.08757
1.84	0.42	2.16582
1.84	0.44	2.24701
1.84	0.46	2.33124
1.84	0.48	2.41863
1.84	0.5	2.50929
1.84	0.52	2.60335
1.84	0.54	2.70094
1.84	0.56	2.80219
1.84	0.58	2.90723
1.84	0.6	3.01621
1.84	0.62	3.12927
1.84	0.64	3.24657
1.84	0.66	3.36827
1.84	0.68	3.49453
1.84	0.7	3.62553
1.84	0.72	3.76143
1.84	0.74	3.90243
1.84	0.76	4.04872
1.84	0.78	4.20049
1.84	0.8	4.35794
1.84	0.82	4.5213
1.84	0.84	4.69079
1.84	0.86	4.86662
1.84	0.88	5.04905
1.84	0.9	5.23832
1.84	0.92	5.43468
1.84	0.94	5.6384
1.84	0.96	5.84976
1.84	0.98	6.06904
1.84	1	6.29654
1.88	0	1
1.88	0.02	1.03832
1.88	0.04	1.0781
1.88	0.06	1.11941
1.88	0.08	1.1623
1.88	0.1	1.20683
1.88	0.12	1.25307
1.88	0.14	1.30109
1.88	0.16	1.35094
1.88	0.18	1.4027
1.88	0.2	1.45645
1.88	0.22	1.51225
1.88	0.24	1.5702
1.88	0.26	1.63036
1.88	0.28	1.69283
1.88	0.3	1.75769
1.88	0.32	1.82504
1.88	0.34	1.89496
1.88	0.36	1.96757
1.88	0.38	2.04296
1.88	0.4	2.12124
1.88	0.42	2.20252
1.88	0.44	2.28691
1.88	0.46	2.37453
1.88	0.48	2.46551
1.88	0.5	2.55998
1.88	0.52	2.65807
1.88	0.54	2.75992
1.88	0.56	2.86566
1.88	0.58	2.97546
1.88	0.6	3.08947
1.88	0.62	3.20785
1.88	0.64	3.33076
1.88	0.66	3.45838
1.88	0.68	3.59089
1.88	0.7	3.72848
1.88	0.72	3.87134
1.88	0.74	4.01967
1.88	0.76	4.17369
1.88	0.78	4.33361
1.88	0.8	4.49965
1.88	0.82	4.67206
1.88	0.84	4.85107
1.88	0.86	5.03695
1.88	0.88	5.22994
1.88	0.9	5.43033
1.88	0.92	5.6384
1.88	0.94	5.85444
1.88	0.96	6.07876
1.88	0.98	6.31167
1.88	1	6.5535
1.92	0	1
1.92	0.02	1.03915
1.92	0.04	1.07983
1.92	0.06	1.1221
1.92	0.08	1.16602
1.92	0.1	1.21167
1.92	0.12	1.2591
1.92	0.14	1.30839
1.92	0.16	1.35961
1.92	0.18	1.41284
1.92	0.2	1.46815
1.92	0.22	1.52562
1.92	0.24	1.58534
1.92	0.26	1.6474
1.92	0.28	1.71189
1.92	0.3	1.77891
1.92	0.32	1.84855
1.92	0.34	1.92091
1.92	0.36	1.99611
1.92	0.38	2.07425
1.92	0.4	2.15545
1.92	0.42	2.23983
1.92	0.44	2.32751
1.92	0.46	2.41863
1.92	0.48	2.51331
1.92	0.5	2.6117
1.92	0.52	2.71394
1.92	0.54	2.82018
1.92	0.56	2.93058
1.92	0.58	3.0453
1.92	0.6	3.16452
1.92	0.62	3.2884
1.92	0.64	3.41713
1.92	0.66	3.5509
1.92	0.68	3.6899
1.92	0.7	3.83435
1.92	0.72	3.98445
1.92	0.74	4.14043
1.92	0.76	4.30252
1.92	0.78	4.47095
1.92	0.8	4.64597
1.92	0.82	4.82784
1.92	0.84	5.01684
1.92	0.86	5.21323
1.92	0.88	5.41731
1.92	0.9	5.62938
1.92	0.92	5.84976
1.92	0.94	6.07876
1.92	0.96	6.31672
1.92	0.98	6.564
1.92	1	6.82096
1.96	0	1
1.96	0.02	1.03998
1.96	0.04	1.08156
1.96	0.06	1.12479
1.96	0.08	1.16976
1.96	0.1	1.21653
1.96	0.12	1.26516
1.96	0.14	1.31574
1.96	0.16	1.36834
1.96	0.18	1.42305
1.96	0.2	1.47994
1.96	0.22	1.5391
1.96	0.24	1.60063
1.96	0.26	1.66463
1.96	0.28	1.73117
1.96	0.3	1.80038
1.96	0.32	1.87236
1.96	0.34	1.94721
1.96	0.36	2.02506
1.96	0.38	2.10602
1.96	0.4	2.19022
1.96	0.42	2.27778
1.96	0.44	2.36884
1.96	0.46	2.46354
1.96	0.48	2.56203
1.96	0.5	2.66446
1.96	0.52	2.77098
1.96	0.54	2.88176
1.96	0.56	2.99696
1.96	0.58	3.11678
1.96	0.6	3.24138
1.96	0.62	3.37097
1.96	0.64	3.50573
1.96	0.66	3.64589
1.96	0.68	3.79165
1.96	0.7	3.94323
1.96	0.72	4.10087
1.96	0.74	4.26482
1.96	0.76	4.43532
1.96	0.78	4.61264
1.96	0.8	4.79704
1.96	0.82	4.98882
1.96	0.84	5.18827
1.96	0.86	5.39569
1.96	0.88	5.6114
1.96	0.9	5.83573
1.96	0.92	6.06904
1.96	0.94	6.31167
1.96	0.96	6.564
1.96	0.98	6.82642
1.96	1	7.09933
2	0	1
2	0.02	1.04081
2	0.04	1.08329
2	0.06	1.1275
2	0.08	1.17351
2	0.1	1.2214
2	0.12	1.27125
2	0.14	1.32313
2	0.16	1.37713
2	0.18	1.43333
2	0.2	1.49182
2	0.22	1.55271
2	0.24	1.61607
2	0.26	1.68203
2	0.28	1.75067
2	0.3	1.82212
2	0.32	1.89648
2	0.34	1.97388
2	0.36	2.05443
2	0.38	2.13828
2	0.4	2.22554
2	0.42	2.31637
2	0.44	2.4109
2	0.46	2.50929
2	0.48	2.6117
2	0.5	2.71828
2	0.52	2.82922
2	0.54	2.94468
2	0.56	3.06485
2	0.58	3.18993
2	0.6	3.32012
2	0.62	3.45561
2	0.64	3.59664
2	0.66	3.74342
2	0.68	3.89619
2	0.7	4.0552
2	0.72	4.2207
2	0.74	4.39295
2	0.76	4.57223
2	0.78	4.75882
2	0.8	4.95303
2	0.82	5.15517
2	0.84	5.36556
2	0.86	5.58453
2	0.88	5.81244
2	0.9	6.04965
2	0.92	6.29654
2	0.94	6.5535
2	0.96	6.82096
2	0.98	7.09933
2	1	7.38906
