1	1	0
1	1.02	0.0201987
1	1.04	0.0407895
1	1.06	0.061765
1	1.08	0.0831179
1	1.1	0.104841
1	1.12	0.126928
1	1.14	0.149372
1	1.16	0.172167
1	1.18	0.195307
1	1.2	0.218786
1	1.22	0.242598
1	1.24	0.266738
1	1.26	0.291201
1	1.28	0.315981
1	1.3	0.341074
1	1.32	0.366474
1	1.34	0.392177
1	1.36	0.418179
1	1.38	0.444475
1	1.4	0.471061
1	1.42	0.497933
1	1.44	0.525086
1	1.46	0.552517
1	1.48	0.580222
1	1.5	0.608198
1	1.52	0.63644
1	1.54	0.664945
1	1.56	0.69371
1	1.58	0.722731
1	1.6	0.752006
1	1.62	0.78153
1	1.64	0.811302
1	1.66	0.841317
1	1.68	0.871574
1	1.7	0.902068
1	1.72	0.932798
1	1.74	0.96376
1	1.76	0.994952
1	1.78	1.02637
1	1.8	1.05802
1	1.82	1.08988
1	1.84	1.12197
1	1.86	1.15427
1	1.88	1.18679
1	1.9	1.21952
1	1.92	1.25246
1	1.94	1.28561
1	1.96	1.31897
1	1.98	1.35253
1	2	1.38629
1.02	1	0.0201987
1.02	1.02	0.0412053
1.02	1.04	0.062612
1.02	1.06	0.0844109
1.02	1.08	0.106595
1.02	1.1	0.129157
1.02	1.12	0.152089
1.02	1.14	0.175386
1.02	1.16	0.199041
1.02	1.18	0.223048
1.02	1.2	0.2474
1.02	1.22	0.272092
1.02	1.24	0.297119
1.02	1.26	0.322475
1.02	1.28	0.348155
1.02	1.3	0.374153
1.02	1.32	0.400466
1.02	1.34	0.427087
1.02	1.36	0.454013
1.02	1.38	0.481239
1.02	1.4	0.508761
1.02	1.42	0.536574
1.02	1.44	0.564674
1.02	1.46	0.593058
1.02	1.48	0.621721
1.02	1.5	0.65066
1.02	1.52	0.67987
1.02	1.54	0.70935
1.02	1.56	0.739094
1.02	1.58	0.7691
1.02	1.6	0.799364
1.02	1.62	0.829883
1.02	1.64	0.860654
1.02	1.66	0.891673
1.02	1.68	0.922939
1.02	1.7	0.954447
1.02	1.72	0.986195
1.02	1.74	1.01818
1.02	1.76	1.0504
1.02	1.78	1.08285
1.02	1.8	1.11553
1.02	1.82	1.14844
1.02	1.84	1.18157
1.02	1.86	1.21493
1.02	1.88	1.2485
1.02	1.9	1.28229
1.02	1.92	1.3163
1.02	1.94	1.35051
1.02	1.96	1.38494
1.02	1.98	1.41958
1.02	2	1.45442
1.04	1	0.0407895
1.04	1.02	0.062612
1.04	1.04	0.0848422
1.04	1.06	0.107473
1.04	1.08	0.130495
1.04	1.1	0.153903
1.04	1.12	0.17769
1.04	1.14	0.201847
1.04	1.16	0.22637
1.04	1.18	0.251251
1.04	1.2	0.276485
1.04	1.22	0.302065
1.04	1.24	0.327987
1.04	1.26	0.354244
1.04	1.28	0.380831
1.04	1.3	0.407743
1.04	1.32	0.434975
1.04	1.34	0.462522
1.04	1.36	0.49038
1.04	1.38	0.518544
1.04	1.4	0.547009
1.04	1.42	0.575771
1.04	1.44	0.604826
1.04	1.46	0.634171
1.04	1.48	0.6638
1.04	1.5	0.69371
1.04	1.52	0.723897
1.04	1.54	0.754359
1.04	1.56	0.78509
1.04	1.58	0.816088
1.04	1.6	0.847349
1.04	1.62	0.878871
1.04	1.64	0.910649
1.04	1.66	0.942681
1.04	1.68	0.974963
1.04	1.7	1.00749
1.04	1.72	1.04027
1.04	1.74	1.07328
1.04	1.76	1.10654
1.04	1.78	1.14003
1.04	1.8	1.17376
1.04	1.82	1.20771
1.04	1.84	1.2419
1.04	1.86	1.27631
1.04	1.88	1.31095
1.04	1.9	1.3458
1.04	1.92	1.38088
1.04	1.94	1.41617
1.04	1.96	1.45168
1.04	1.98	1.4874
1.04	2	1.52333
1.06	1	0.061765
1.06	1.02	0.0844109
1.06	1.04	0.107473
1.06	1.06	0.130942
1.06	1.08	0.154811
1.06	1.1	0.179073
1.06	1.12	0.203721
1.06	1.14	0.228747
1.06	1.16	0.254145
1.06	1.18	0.279908
1.06	1.2	0.306031
1.06	1.22	0.332507
1.06	1.24	0.359331
1.06	1.26	0.386497
1.06	1.28	0.413999
1.06	1.3	0.441833
1.06	1.32	0.469992
1.06	1.34	0.498473
1.06	1.36	0.52727
1.06	1.38	0.55638
1.06	1.4	0.585796
1.06	1.42	0.615515
1.06	1.44	0.645533
1.06	1.46	0.675845
1.06	1.48	0.706448
1.06	1.5	0.737337
1.06	1.52	0.768509
1.06	1.54	0.79996
1.06	1.56	0.831686
1.06	1.58	0.863684
1.06	1.6	0.89595
1.06	1.62	0.928482
1.06	1.64	0.961275
1.06	1.66	0.994326
1.06	1.68	1.02763
1.06	1.7	1.06119
1.06	1.72	1.095
1.06	1.74	1.12906
1.06	1.76	1.16336
1.06	1.78	1.1979
1.06	1.8	1.23267
1.06	1.82	1.26769
1.06	1.84	1.30293
1.06	1.86	1.33841
1.06	1.88	1.37412
1.06	1.9	1.41005
1.06	1.92	1.4462
1.06	1.94	1.48258
1.06	1.96	1.51917
1.06	1.98	1.55598
1.06	2	1.593
1.08	1	0.0831179
1.08	1.02	0.106595
1.08	1.04	0.130495
1.08	1.06	0.154811
1.08	1.08	0.179535
1.08	1.1	0.204658
1.08	1.12	0.230174
1.08	1.14	0.256076
1.08	1.16	0.282357
1.08	1.18	0.309011
1.08	1.2	0.33603
1.08	1.22	0.36341
1.08	1.24	0.391143
1.08	1.26	0.419225
1.08	1.28	0.44765
1.08	1.3	0.476413
1.08	1.32	0.505507
1.08	1.34	0.534929
1.08	1.36	0.564674
1.08	1.38	0.594736
1.08	1.4	0.625111
1.08	1.42	0.655795
1.08	1.44	0.686783
1.08	1.46	0.718071
1.08	1.48	0.749655
1.08	1.5	0.78153
1.08	1.52	0.813694
1.08	1.54	0.846142
1.08	1.56	0.878871
1.08	1.58	0.911876
1.08	1.6	0.945155
1.08	1.62	0.978704
1.08	1.64	1.01252
1.08	1.66	1.0466
1.08	1.68	1.08094
1.08	1.7	1.11553
1.08	1.72	1.15038
1.08	1.74	1.18549
1.08	1.76	1.22084
1.08	1.78	1.25643
1.08	1.8	1.29227
1.08	1.82	1.32835
1.08	1.84	1.36466
1.08	1.86	1.40121
1.08	1.88	1.438
1.08	1.9	1.47501
1.08	1.92	1.51225
1.08	1.94	1.54971
1.08	1.96	1.5874
1.08	1.98	1.62531
1.08	2	1.66343
1.1	1	0.104841
1.1	1.02	0.129157
1.1	1.04	0.153903
1.1	1.06	0.179073
1.1	1.08	0.204658
1.1	1.1	0.230651
1.1	1.12	0.257043
1.1	1.14	0.283828
1.1	1.16	0.311
1.1	1.18	0.33855
1.1	1.2	0.366474
1.1	1.22	0.394764
1.1	1.24	0.423415
1.1	1.26	0.452421
1.1	1.28	0.481776
1.1	1.3	0.511474
1.1	1.32	0.541512
1.1	1.34	0.571882
1.1	1.36	0.602581
1.1	1.38	0.633604
1.1	1.4	0.664945
1.1	1.42	0.696601
1.1	1.44	0.728566
1.1	1.46	0.760837
1.1	1.48	0.793409
1.1	1.5	0.826279
1.1	1.52	0.859442
1.1	1.54	0.892895
1.1	1.56	0.926633
1.1	1.58	0.960653
1.1	1.6	0.994952
1.1	1.62	1.02953
1.1	1.64	1.06437
1.1	1.66	1.09949
1.1	1.68	1.13486
1.1	1.7	1.1705
1.1	1.72	1.2064
1.1	1.74	1.24256
1.1	1.76	1.27897
1.1	1.78	1.31563
1.1	1.8	1.35253
1.1	1.82	1.38968
1.1	1.84	1.42707
1.1	1.86	1.4647
1.1	1.88	1.50257
1.1	1.9	1.54067
1.1	1.92	1.57901
1.1	1.94	1.61757
1.1	1.96	1.65636
1.1	1.98	1.69537
1.1	2	1.73461
1.12	1	0.126928
1.12	1.02	0.152089
1.12	1.04	0.17769
1.12	1.06	0.203721
1.12	1.08	0.230174
1.12	1.1	0.257043
1.12	1.12	0.284319
1.12	1.14	0.311995
1.12	1.16	0.340064
1.12	1.18	0.368519
1.12	1.2	0.397354
1.12	1.22	0.426562
1.12	1.24	0.456138
1.12	1.26	0.486074
1.12	1.28	0.516367
1.12	1.3	0.547009
1.12	1.32	0.577996
1.12	1.34	0.609322
1.12	1.36	0.640983
1.12	1.38	0.672973
1.12	1.4	0.705288
1.12	1.42	0.737923
1.12	1.44	0.770873
1.12	1.46	0.804134
1.12	1.48	0.837703
1.12	1.5	0.871574
1.12	1.52	0.905743
1.12	1.54	0.940208
1.12	1.56	0.974963
1.12	1.58	1.01001
1.12	1.6	1.04533
1.12	1.62	1.08094
1.12	1.64	1.11682
1.12	1.66	1.15298
1.12	1.68	1.1894
1.12	1.7	1.22609
1.12	1.72	1.26305
1.12	1.74	1.30027
1.12	1.76	1.33774
1.12	1.78	1.37547
1.12	1.8	1.41345
1.12	1.82	1.45168
1.12	1.84	1.49015
1.12	1.86	1.52887
1.12	1.88	1.56783
1.12	1.9	1.60703
1.12	1.92	1.64646
1.12	1.94	1.68613
1.12	1.96	1.72603
1.12	1.98	1.76615
1.12	2	1.80651
1.14	1	0.149372
1.14	1.02	0.175386
1.14	1.04	0.201847
1.14	1.06	0.228747
1.14	1.08	0.256076
1.14	1.1	0.283828
1.14	1.12	0.311995
1.14	1.14	0.340569
1.14	1.16	0.369542
1.14	1.18	0.398909
1.14	1.2	0.428663
1.14	1.22	0.458796
1.14	1.24	0.489303
1.14	1.26	0.520178
1.14	1.28	0.551415
1.14	1.3	0.583008
1.14	1.32	0.614952
1.14	1.34	0.647241
1.14	1.36	0.67987
1.14	1.38	0.712835
1.14	1.4	0.746131
1.14	1.42	0.779752
1.14	1.44	0.813694
1.14	1.46	0.847953
1.14	1.48	0.882524
1.14	1.5	0.917404
1.14	1.52	0.952587
1.14	1.54	0.98807
1.14	1.56	1.02385
1.14	1.58	1.05992
1.14	1.6	1.09628
1.14	1.62	1.13293
1.14	1.64	1.16985
1.14	1.66	1.20706
1.14	1.68	1.24454
1.14	1.7	1.28229
1.14	1.72	1.32031
1.14	1.74	1.35859
1.14	1.76	1.39714
1.14	1.78	1.43595
1.14	1.8	1.47501
1.14	1.82	1.51432
1.14	1.84	1.55389
1.14	1.86	1.5937
1.14	1.88	1.63376
1.14	1.9	1.67406
1.14	1.92	1.7146
1.14	1.94	1.75538
1.14	1.96	1.7964
1.14	1.98	1.83764
1.14	2	1.87912
1.16	1	0.172167
1.16	1.02	0.199041
1.16	1.04	0.22637
1.16	1.06	0.254145
1.16	1.08	0.282357
1.16	1.1	0.311
1.16	1.12	0.340064
1.16	1.14	0.369542
1.16	1.16	0.399428
1.16	1.18	0.429713
1.16	1.2	0.460392
1.16	1.22	0.491458
1.16	1.24	0.522904
1.16	1.26	0.554724
1.16	1.28	0.586912
1.16	1.3	0.619463
1.16	1.32	0.65237
1.16	1.34	0.68563
1.16	1.36	0.719235
1.16	1.38	0.753182
1.16	1.4	0.787465
1.16	1.42	0.822079
1.16	1.44	0.857021
1.16	1.46	0.892284
1.16	1.48	0.927865
1.16	1.5	0.96376
1.16	1.52	0.999964
1.16	1.54	1.03647
1.16	1.56	1.07328
1.16	1.58	1.11039
1.16	1.6	1.14779
1.16	1.62	1.18549
1.16	1.64	1.22346
1.16	1.66	1.26173
1.16	1.68	1.30027
1.16	1.7	1.33908
1.16	1.72	1.37817
1.16	1.74	1.41753
1.16	1.76	1.45716
1.16	1.78	1.49705
1.16	1.8	1.5372
1.16	1.82	1.57761
1.16	1.84	1.61827
1.16	1.86	1.65919
1.16	1.88	1.70035
1.16	1.9	1.74176
1.16	1.92	1.78342
1.16	1.94	1.82532
1.16	1.96	1.86745
1.16	1.98	1.90983
1.16	2	1.95244
1.18	1	0.195307
1.18	1.02	0.223048
1.18	1.04	0.251251
1.18	1.06	0.279908
1.18	1.08	0.309011
1.18	1.1	0.33855
1.18	1.12	0.368519
1.18	1.14	0.398909
1.18	1.16	0.429713
1.18	1.18	0.460925
1.18	1.2	0.492536
1.18	1.22	0.52454
1.18	1.24	0.556932
1.18	1.26	0.589704
1.18	1.28	0.62285
1.18	1.3	0.656366
1.18	1.32	0.690244
1.18	1.34	0.724481
1.18	1.36	0.759069
1.18	1.38	0.794004
1.18	1.4	0.829282
1.18	1.42	0.864897
1.18	1.44	0.900844
1.18	1.46	0.937119
1.18	1.48	0.973717
1.18	1.5	1.01063
1.18	1.52	1.04787
1.18	1.54	1.08541
1.18	1.56	1.12326
1.18	1.58	1.16141
1.18	1.6	1.19986
1.18	1.62	1.2386
1.18	1.64	1.27764
1.18	1.66	1.31696
1.18	1.68	1.35657
1.18	1.7	1.39646
1.18	1.72	1.43663
1.18	1.74	1.47707
1.18	1.76	1.51778
1.18	1.78	1.55877
1.18	1.8	1.60001
1.18	1.82	1.64152
1.18	1.84	1.68329
1.18	1.86	1.72531
1.18	1.88	1.76759
1.18	1.9	1.81012
1.18	1.92	1.8529
1.18	1.94	1.89592
1.18	1.96	1.93919
1.18	1.98	1.9827
1.18	2	2.02644
1.2	1	0.218786
1.2	1.02	0.2474
1.2	1.04	0.276485
1.2	1.06	0.306031
1.2	1.08	0.33603
1.2	1.1	0.366474
1.2	1.12	0.397354
1.2	1.14	0.428663
1.2	1.16	0.460392
1.2	1.18	0.492536
1.2	1.2	0.525086
1.2	1.22	0.558036
1.2	1.24	0.59138
1.2	1.26	0.625111
1.2	1.28	0.659223
1.2	1.3	0.69371
1.2	1.32	0.728566
1.2	1.34	0.763786
1.2	1.36	0.799364
1.2	1.38	0.835295
1.2	1.4	0.871574
1.2	1.42	0.908195
1.2	1.44	0.945155
1.2	1.46	0.982448
1.2	1.48	1.02007
1.2	1.5	1.05802
1.2	1.52	1.09628
1.2	1.54	1.13486
1.2	1.56	1.17376
1.2	1.58	1.21296
1.2	1.6	1.25246
1.2	1.62	1.29227
1.2	1.64	1.33237
1.2	1.66	1.37277
1.2	1.68	1.41345
1.2	1.7	1.45442
1.2	1.72	1.49567
1.2	1.74	1.5372
1.2	1.76	1.57901
1.2	1.78	1.62108
1.2	1.8	1.66343
1.2	1.82	1.70605
1.2	1.84	1.74893
1.2	1.86	1.79207
1.2	1.88	1.83547
1.2	1.9	1.87912
1.2	1.92	1.92303
1.2	1.94	1.96718
1.2	1.96	2.01159
1.2	1.98	2.05623
1.2	2	2.10112
1.22	1	0.242598
1.22	1.02	0.272092
1.22	1.04	0.302065
1.22	1.06	0.332507
1.22	1.08	0.36341
1.22	1.1	0.394764
1.22	1.12	0.426562
1.22	1.14	0.458796
1.22	1.16	0.491458
1.22	1.18	0.52454
1.22	1.2	0.558036
1.22	1.22	0.591939
1.22	1.24	0.626242
1.22	1.26	0.660938
1.22	1.28	0.696022
1.22	1.3	0.731487
1.22	1.32	0.767328
1.22	1.34	0.803538
1.22	1.36	0.840112
1.22	1.38	0.877045
1.22	1.4	0.914332
1.22	1.42	0.951967
1.22	1.44	0.989946
1.22	1.46	1.02826
1.22	1.48	1.06692
1.22	1.5	1.1059
1.22	1.52	1.14521
1.22	1.54	1.18483
1.22	1.56	1.22478
1.22	1.58	1.26504
1.22	1.6	1.3056
1.22	1.62	1.34648
1.22	1.64	1.38765
1.22	1.66	1.42912
1.22	1.68	1.47088
1.22	1.7	1.51294
1.22	1.72	1.55528
1.22	1.74	1.59791
1.22	1.76	1.64081
1.22	1.78	1.684
1.22	1.8	1.72746
1.22	1.82	1.77119
1.22	1.84	1.81518
1.22	1.86	1.85944
1.22	1.88	1.90397
1.22	1.9	1.94875
1.22	1.92	1.99379
1.22	1.94	2.03909
1.22	1.96	2.08464
1.22	1.98	2.13043
1.22	2	2.17648
1.24	1	0.266738
1.24	1.02	0.297119
1.24	1.04	0.327987
1.24	1.06	0.359331
1.24	1.08	0.391143
1.24	1.1	0.423415
1.24	1.12	0.456138
1.24	1.14	0.489303
1.24	1.16	0.522904
1.24	1.18	0.556932
1.24	1.2	0.59138
1.24	1.22	0.626242
1.24	1.24	0.661511
1.24	1.26	0.697179
1.24	1.28	0.733241
1.24	1.3	0.769691
1.24	1.32	0.806522
1.24	1.34	0.843729
1.24	1.36	0.881306
1.24	1.38	0.919248
1.24	1.4	0.957549
1.24	1.42	0.996205
1.24	1.44	1.03521
1.24	1.46	1.07456
1.24	1.48	1.11425
1.24	1.5	1.15427
1.24	1.52	1.19463
1.24	1.54	1.23531
1.24	1.56	1.27631
1.24	1.58	1.31763
1.24	1.6	1.35927
1.24	1.62	1.40121
1.24	1.64	1.44346
1.24	1.66	1.48602
1.24	1.68	1.52887
1.24	1.7	1.57202
1.24	1.72	1.61546
1.24	1.74	1.65919
1.24	1.76	1.7032
1.24	1.78	1.74749
1.24	1.8	1.79207
1.24	1.82	1.83692
1.24	1.84	1.88204
1.24	1.86	1.92743
1.24	1.88	1.97309
1.24	1.9	2.01901
1.24	1.92	2.06519
1.24	1.94	2.11163
1.24	1.96	2.15833
1.24	1.98	2.20528
1.24	2	2.25248
1.26	1	0.291201
1.26	1.02	0.322475
1.26	1.04	0.354244
1.26	1.06	0.386497
1.26	1.08	0.419225
1.26	1.1	0.452421
1.26	1.12	0.486074
1.26	1.14	0.520178
1.26	1.16	0.554724
1.26	1.18	0.589704
1.26	1.2	0.625111
1.26	1.22	0.660938
1.26	1.24	0.697179
1.26	1.26	0.733826
1.26	1.28	0.770873
1.26	1.3	0.808314
1.26	1.32	0.846142
1.26	1.34	0.884352
1.26	1.36	0.922939
1.26	1.38	0.961896
1.26	1.4	1.00122
1.26	1.42	1.0409
1.26	1.44	1.08094
1.26	1.46	1.12132
1.26	1.48	1.16206
1.26	1.5	1.20313
1.26	1.52	1.24454
1.26	1.54	1.28628
1.26	1.56	1.32835
1.26	1.58	1.37074
1.26	1.6	1.41345
1.26	1.62	1.45647
1.26	1.64	1.49981
1.26	1.66	1.54345
1.26	1.68	1.5874
1.26	1.7	1.63165
1.26	1.72	1.67619
1.26	1.74	1.72103
1.26	1.76	1.76615
1.26	1.78	1.81157
1.26	1.8	1.85726
1.26	1.82	1.90324
1.26	1.84	1.94949
1.26	1.86	1.99602
1.26	1.88	2.04281
1.26	1.9	2.08988
1.26	1.92	2.13721
1.26	1.94	2.1848
1.26	1.96	2.23266
1.26	1.98	2.28077
1.26	2	2.32913
1.28	1	0.315981
1.28	1.02	0.348155
1.28	1.04	0.380831
1.28	1.06	0.413999
1.28	1.08	0.44765
1.28	1.1	0.481776
1.28	1.12	0.516367
1.28	1.14	0.551415
1.28	1.16	0.586912
1.28	1.18	0.62285
1.28	1.2	0.659223
1.28	1.22	0.696022
1.28	1.24	0.733241
1.28	1.26	0.770873
1.28	1.28	0.808911
1.28	1.3	0.847349
1.28	1.32	0.886181
1.28	1.34	0.925401
1.28	1.36	0.965003
1.28	1.38	1.00498
1.28	1.4	1.04533
1.28	1.42	1.08605
1.28	1.44	1.12712
1.28	1.46	1.16855
1.28	1.48	1.21034
1.28	1.5	1.25246
1.28	1.52	1.29493
1.28	1.54	1.33774
1.28	1.56	1.38088
1.28	1.58	1.42435
1.28	1.6	1.46814
1.28	1.62	1.51225
1.28	1.64	1.55668
1.28	1.66	1.60141
1.28	1.68	1.64646
1.28	1.7	1.69181
1.28	1.72	1.73747
1.28	1.74	1.78342
1.28	1.76	1.82967
1.28	1.78	1.8762
1.28	1.8	1.92303
1.28	1.82	1.97013
1.28	1.84	2.01752
1.28	1.86	2.06519
1.28	1.88	2.11314
1.28	1.9	2.16135
1.28	1.92	2.20984
1.28	1.94	2.25859
1.28	1.96	2.30761
1.28	1.98	2.35688
1.28	2	2.40642
1.3	1	0.341074
1.3	1.02	0.374153
1.3	1.04	0.407743
1.3	1.06	0.441833
1.3	1.08	0.476413
1.3	1.1	0.511474
1.3	1.12	0.547009
1.3	1.14	0.583008
1.3	1.16	0.619463
1.3	1.18	0.656366
1.3	1.2	0.69371
1.3	1.22	0.731487
1.3	1.24	0.769691
1.3	1.26	0.808314
1.3	1.28	0.847349
1.3	1.3	0.886791
1.3	1.32	0.926633
1.3	1.34	0.966869
1.3	1.36	1.00749
1.3	1.38	1.0485
1.3	1.4	1.08988
1.3	1.42	1.13164
1.3	1.44	1.17376
1.3	1.46	1.21624
1.3	1.48	1.25908
1.3	1.5	1.30227
1.3	1.52	1.3458
1.3	1.54	1.38968
1.3	1.56	1.4339
1.3	1.58	1.47845
1.3	1.6	1.52333
1.3	1.62	1.56853
1.3	1.64	1.61405
1.3	1.66	1.65989
1.3	1.68	1.70605
1.3	1.7	1.75251
1.3	1.72	1.79928
1.3	1.74	1.84636
1.3	1.76	1.89373
1.3	1.78	1.94139
1.3	1.8	1.98935
1.3	1.82	2.0376
1.3	1.84	2.08613
1.3	1.86	2.13495
1.3	1.88	2.18405
1.3	1.9	2.23342
1.3	1.92	2.28306
1.3	1.94	2.33298
1.3	1.96	2.38317
1.3	1.98	2.43362
1.3	2	2.48433
1.32	1	0.366474
1.32	1.02	0.400466
1.32	1.04	0.434975
1.32	1.06	0.469992
1.32	1.08	0.505507
1.32	1.1	0.541512
1.32	1.12	0.577996
1.32	1.14	0.614952
1.32	1.16	0.65237
1.32	1.18	0.690244
1.32	1.2	0.728566
1.32	1.22	0.767328
1.32	1.24	0.806522
1.32	1.26	0.846142
1.32	1.28	0.886181
1.32	1.3	0.926633
1.32	1.32	0.967491
1.32	1.34	1.00875
1.32	1.36	1.0504
1.32	1.38	1.09244
1.32	1.4	1.13486
1.32	1.42	1.17766
1.32	1.44	1.22084
1.32	1.46	1.26437
1.32	1.48	1.30827
1.32	1.5	1.35253
1.32	1.52	1.39714
1.32	1.54	1.4421
1.32	1.56	1.4874
1.32	1.58	1.53303
1.32	1.6	1.57901
1.32	1.62	1.62531
1.32	1.64	1.67194
1.32	1.66	1.71889
1.32	1.68	1.76615
1.32	1.7	1.81374
1.32	1.72	1.86163
1.32	1.74	1.90983
1.32	1.76	1.95833
1.32	1.78	2.00713
1.32	1.8	2.05623
1.32	1.82	2.10563
1.32	1.84	2.15531
1.32	1.86	2.20528
1.32	1.88	2.25553
1.32	1.9	2.30607
1.32	1.92	2.35688
1.32	1.94	2.40797
1.32	1.96	2.45933
1.32	1.98	2.51096
1.32	2	2.56286
1.34	1	0.392177
1.34	1.02	0.427087
1.34	1.04	0.462522
1.34	1.06	0.498473
1.34	1.08	0.534929
1.34	1.1	0.571882
1.34	1.12	0.609322
1.34	1.14	0.647241
1.34	1.16	0.68563
1.34	1.18	0.724481
1.34	1.2	0.763786
1.34	1.22	0.803538
1.34	1.24	0.843729
1.34	1.26	0.884352
1.34	1.28	0.925401
1.34	1.3	0.966869
1.34	1.32	1.00875
1.34	1.34	1.05104
1.34	1.36	1.09372
1.34	1.38	1.1368
1.34	1.4	1.18027
1.34	1.42	1.22412
1.34	1.44	1.26835
1.34	1.46	1.31295
1.34	1.48	1.35792
1.34	1.5	1.40325
1.34	1.52	1.44894
1.34	1.54	1.49498
1.34	1.56	1.54137
1.34	1.58	1.5881
1.34	1.6	1.63517
1.34	1.62	1.68258
1.34	1.64	1.73032
1.34	1.66	1.77838
1.34	1.68	1.82677
1.34	1.7	1.87547
1.34	1.72	1.92449
1.34	1.74	1.97383
1.34	1.76	2.02347
1.34	1.78	2.07341
1.34	1.8	2.12366
1.34	1.82	2.17421
1.34	1.84	2.22504
1.34	1.86	2.27617
1.34	1.88	2.32759
1.34	1.9	2.3793
1.34	1.92	2.43128
1.34	1.94	2.48355
1.34	1.96	2.53609
1.34	1.98	2.5889
1.34	2	2.64199
1.36	1	0.418179
1.36	1.02	0.454013
1.36	1.04	0.49038
1.36	1.06	0.52727
1.36	1.08	0.564674
1.36	1.1	0.602581
1.36	1.12	0.640983
1.36	1.14	0.67987
1.36	1.16	0.719235
1.36	1.18	0.759069
1.36	1.2	0.799364
1.36	1.22	0.840112
1.36	1.24	0.881306
1.36	1.26	0.922939
1.36	1.28	0.965003
1.36	1.3	1.00749
1.36	1.32	1.0504
1.36	1.34	1.09372
1.36	1.36	1.13745
1.36	1.38	1.18157
1.36	1.4	1.22609
1.36	1.42	1.271
1.36	1.44	1.3163
1.36	1.46	1.36197
1.36	1.48	1.40801
1.36	1.5	1.45442
1.36	1.52	1.50119
1.36	1.54	1.54832
1.36	1.56	1.5958
1.36	1.58	1.64364
1.36	1.6	1.69181
1.36	1.62	1.74033
1.36	1.64	1.78918
1.36	1.66	1.83837
1.36	1.68	1.88788
1.36	1.7	1.93772
1.36	1.72	1.98787
1.36	1.74	2.03835
1.36	1.76	2.08913
1.36	1.78	2.14022
1.36	1.8	2.19162
1.36	1.82	2.24333
1.36	1.84	2.29533
1.36	1.86	2.34762
1.36	1.88	2.40021
1.36	1.9	2.45309
1.36	1.92	2.50626
1.36	1.94	2.5597
1.36	1.96	2.61343
1.36	1.98	2.66744
1.36	2	2.72172
1.38	1	0.444475
1.38	1.02	0.481239
1.38	1.04	0.518544
1.38	1.06	0.55638
1.38	1.08	0.594736
1.38	1.1	0.633604
1.38	1.12	0.672973
1.38	1.14	0.712835
1.38	1.16	0.753182
1.38	1.18	0.794004
1.38	1.2	0.835295
1.38	1.22	0.877045
1.38	1.24	0.919248
1.38	1.26	0.961896
1.38	1.28	1.00498
1.38	1.3	1.0485
1.38	1.32	1.09244
1.38	1.34	1.1368
1.38	1.36	1.18157
1.38	1.38	1.22675
1.38	1.4	1.27233
1.38	1.42	1.3183
1.38	1.44	1.36466
1.38	1.46	1.41141
1.38	1.48	1.45853
1.38	1.5	1.50603
1.38	1.52	1.55389
1.38	1.54	1.60212
1.38	1.56	1.6507
1.38	1.58	1.69964
1.38	1.6	1.74893
1.38	1.62	1.79856
1.38	1.64	1.84854
1.38	1.66	1.89885
1.38	1.68	1.94949
1.38	1.7	2.00046
1.38	1.72	2.05176
1.38	1.74	2.10338
1.38	1.76	2.15531
1.38	1.78	2.20756
1.38	1.8	2.26012
1.38	1.82	2.31298
1.38	1.84	2.36615
1.38	1.86	2.41962
1.38	1.88	2.47338
1.38	1.9	2.52744
1.38	1.92	2.58179
1.38	1.94	2.63643
1.38	1.96	2.69135
1.38	1.98	2.74655
1.38	2	2.80204
1.4	1	0.471061
1.4	1.02	0.508761
1.4	1.04	0.547009
1.4	1.06	0.585796
1.4	1.08	0.625111
1.4	1.1	0.664945
1.4	1.12	0.705288
1.4	1.14	0.746131
1.4	1.16	0.787465
1.4	1.18	0.829282
1.4	1.2	0.871574
1.4	1.22	0.914332
1.4	1.24	0.957549
1.4	1.26	1.00122
1.4	1.28	1.04533
1.4	1.3	1.08988
1.4	1.32	1.13486
1.4	1.34	1.18027
1.4	1.36	1.22609
1.4	1.38	1.27233
1.4	1.4	1.31897
1.4	1.42	1.36601
1.4	1.44	1.41345
1.4	1.46	1.46127
1.4	1.48	1.50948
1.4	1.5	1.55807
1.4	1.52	1.60703
1.4	1.54	1.65636
1.4	1.56	1.70605
1.4	1.58	1.7561
1.4	1.6	1.80651
1.4	1.62	1.85726
1.4	1.64	1.90836
1.4	1.66	1.95981
1.4	1.68	2.01159
1.4	1.7	2.0637
1.4	1.72	2.11614
1.4	1.74	2.16891
1.4	1.76	2.222
1.4	1.78	2.27541
1.4	1.8	2.32913
1.4	1.82	2.38317
1.4	1.84	2.43751
1.4	1.86	2.49215
1.4	1.88	2.5471
1.4	1.9	2.60235
1.4	1.92	2.65789
1.4	1.94	2.71372
1.4	1.96	2.76984
1.4	1.98	2.82625
1.4	2	2.88293
1.42	1	0.497933
1.42	1.02	0.536574
1.42	1.04	0.575771
1.42	1.06	0.615515
1.42	1.08	0.655795
1.42	1.1	0.696601
1.42	1.12	0.737923
1.42	1.14	0.779752
1.42	1.16	0.822079
1.42	1.18	0.864897
1.42	1.2	0.908195
1.42	1.22	0.951967
1.42	1.24	0.996205
1.42	1.26	1.0409
1.42	1.28	1.08605
1.42	1.3	1.13164
1.42	1.32	1.17766
1.42	1.34	1.22412
1.42	1.36	1.271
1.42	1.38	1.3183
1.42	1.4	1.36601
1.42	1.42	1.41413
1.42	1.44	1.46265
1.42	1.46	1.51156
1.42	1.48	1.56086
1.42	1.5	1.61054
1.42	1.52	1.6606
1.42	1.54	1.71104
1.42	1.56	1.76184
1.42	1.58	1.81301
1.42	1.6	1.86454
1.42	1.62	1.91642
1.42	1.64	1.96866
1.42	1.66	2.02124
1.42	1.68	2.07416
1.42	1.7	2.12742
1.42	1.72	2.18102
1.42	1.74	2.23494
1.42	1.76	2.28919
1.42	1.78	2.34377
1.42	1.8	2.39866
1.42	1.82	2.45387
1.42	1.84	2.50939
1.42	1.86	2.56522
1.42	1.88	2.62136
1.42	1.9	2.67779
1.42	1.92	2.73453
1.42	1.94	2.79156
1.42	1.96	2.84889
1.42	1.98	2.9065
1.42	2	2.9644
1.44	1	0.525086
1.44	1.02	0.564674
1.44	1.04	0.604826
1.44	1.06	0.645533
1.44	1.08	0.686783
1.44	1.1	0.728566
1.44	1.12	0.770873
1.44	1.14	0.813694
1.44	1.16	0.857021
1.44	1.18	0.900844
1.44	1.2	0.945155
1.44	1.22	0.989946
1.44	1.24	1.03521
1.44	1.26	1.08094
1.44	1.28	1.12712
1.44	1.3	1.17376
1.44	1.32	1.22084
1.44	1.34	1.26835
1.44	1.36	1.3163
1.44	1.38	1.36466
1.44	1.4	1.41345
1.44	1.42	1.46265
1.44	1.44	1.51225
1.44	1.46	1.56225
1.44	1.48	1.61265
1.44	1.5	1.66343
1.44	1.52	1.7146
1.44	1.54	1.76615
1.44	1.56	1.81808
1.44	1.58	1.87037
1.44	1.6	1.92303
1.44	1.62	1.97604
1.44	1.64	2.02942
1.44	1.66	2.08314
1.44	1.68	2.13721
1.44	1.7	2.19162
1.44	1.72	2.24638
1.44	1.74	2.30146
1.44	1.76	2.35688
1.44	1.78	2.41263
1.44	1.8	2.4687
1.44	1.82	2.52509
1.44	1.84	2.58179
1.44	1.86	2.63881
1.44	1.88	2.69614
1.44	1.9	2.75378
1.44	1.92	2.81171
1.44	1.94	2.86995
1.44	1.96	2.92849
1.44	1.98	2.98732
1.44	2	3.04644
1.46	1	0.552517
1.46	1.02	0.593058
1.46	1.04	0.634171
1.46	1.06	0.675845
1.46	1.08	0.718071
1.46	1.1	0.760837
1.46	1.12	0.804134
1.46	1.14	0.847953
1.46	1.16	0.892284
1.46	1.18	0.937119
1.46	1.2	0.982448
1.46	1.22	1.02826
1.46	1.24	1.07456
1.46	1.26	1.12132
1.46	1.28	1.16855
1.46	1.3	1.21624
1.46	1.32	1.26437
1.46	1.34	1.31295
1.46	1.36	1.36197
1.46	1.38	1.41141
1.46	1.4	1.46127
1.46	1.42	1.51156
1.46	1.44	1.56225
1.46	1.46	1.61335
1.46	1.48	1.66485
1.46	1.5	1.71674
1.46	1.52	1.76903
1.46	1.54	1.8217
1.46	1.56	1.87474
1.46	1.58	1.92816
1.46	1.6	1.98196
1.46	1.62	2.03611
1.46	1.64	2.09063
1.46	1.66	2.1455
1.46	1.68	2.20073
1.46	1.7	2.2563
1.46	1.72	2.31221
1.46	1.74	2.36847
1.46	1.76	2.42506
1.46	1.78	2.48198
1.46	1.8	2.53923
1.46	1.82	2.59681
1.46	1.84	2.65471
1.46	1.86	2.71292
1.46	1.88	2.77145
1.46	1.9	2.83029
1.46	1.92	2.88943
1.46	1.94	2.94888
1.46	1.96	3.00863
1.46	1.98	3.06868
1.46	2	3.12902
1.48	1	0.580222
1.48	1.02	0.621721
1.48	1.04	0.6638
1.48	1.06	0.706448
1.48	1.08	0.749655
1.48	1.1	0.793409
1.48	1.12	0.837703
1.48	1.14	0.882524
1.48	1.16	0.927865
1.48	1.18	0.973717
1.48	1.2	1.02007
1.48	1.22	1.06692
1.48	1.24	1.11425
1.48	1.26	1.16206
1.48	1.28	1.21034
1.48	1.3	1.25908
1.48	1.32	1.30827
1.48	1.34	1.35792
1.48	1.36	1.40801
1.48	1.38	1.45853
1.48	1.4	1.50948
1.48	1.42	1.56086
1.48	1.44	1.61265
1.48	1.46	1.66485
1.48	1.48	1.71746
1.48	1.5	1.77047
1.48	1.52	1.82387
1.48	1.54	1.87766
1.48	1.56	1.93184
1.48	1.58	1.98639
1.48	1.6	2.04132
1.48	1.62	2.09663
1.48	1.64	2.15229
1.48	1.66	2.20832
1.48	1.68	2.2647
1.48	1.7	2.32144
1.48	1.72	2.37852
1.48	1.74	2.43595
1.48	1.76	2.49372
1.48	1.78	2.55183
1.48	1.8	2.61026
1.48	1.82	2.66903
1.48	1.84	2.72812
1.48	1.86	2.78754
1.48	1.88	2.84727
1.48	1.9	2.90732
1.48	1.92	2.96767
1.48	1.94	3.02834
1.48	1.96	3.08931
1.48	1.98	3.15059
1.48	2	3.21216
1.5	1	0.608198
1.5	1.02	0.65066
1.5	1.04	0.69371
1.5	1.06	0.737337
1.5	1.08	0.78153
1.5	1.1	0.826279
1.5	1.12	0.871574
1.5	1.14	0.917404
1.5	1.16	0.96376
1.5	1.18	1.01063
1.5	1.2	1.05802
1.5	1.22	1.1059
1.5	1.24	1.15427
1.5	1.26	1.20313
1.5	1.28	1.25246
1.5	1.3	1.30227
1.5	1.32	1.35253
1.5	1.34	1.40325
1.5	1.36	1.45442
1.5	1.38	1.50603
1.5	1.4	1.55807
1.5	1.42	1.61054
1.5	1.44	1.66343
1.5	1.46	1.71674
1.5	1.48	1.77047
1.5	1.5	1.82459
1.5	1.52	1.87912
1.5	1.54	1.93404
1.5	1.56	1.98935
1.5	1.58	2.04505
1.5	1.6	2.10112
1.5	1.62	2.15758
1.5	1.64	2.2144
1.5	1.66	2.27158
1.5	1.68	2.32913
1.5	1.7	2.38704
1.5	1.72	2.4453
1.5	1.74	2.5039
1.5	1.76	2.56286
1.5	1.78	2.62215
1.5	1.8	2.68178
1.5	1.82	2.74174
1.5	1.84	2.80204
1.5	1.86	2.86266
1.5	1.88	2.9236
1.5	1.9	2.98486
1.5	1.92	3.04644
1.5	1.94	3.10833
1.5	1.96	3.17052
1.5	1.98	3.23303
1.5	2	3.29584
1.52	1	0.63644
1.52	1.02	0.67987
1.52	1.04	0.723897
1.52	1.06	0.768509
1.52	1.08	0.813694
1.52	1.1	0.859442
1.52	1.12	0.905743
1.52	1.14	0.952587
1.52	1.16	0.999964
1.52	1.18	1.04787
1.52	1.2	1.09628
1.52	1.22	1.14521
1.52	1.24	1.19463
1.52	1.26	1.24454
1.52	1.28	1.29493
1.52	1.3	1.3458
1.52	1.32	1.39714
1.52	1.34	1.44894
1.52	1.36	1.50119
1.52	1.38	1.55389
1.52	1.4	1.60703
1.52	1.42	1.6606
1.52	1.44	1.7146
1.52	1.46	1.76903
1.52	1.48	1.82387
1.52	1.5	1.87912
1.52	1.52	1.93478
1.52	1.54	1.99083
1.52	1.56	2.04728
1.52	1.58	2.10413
1.52	1.6	2.16135
1.52	1.62	2.21896
1.52	1.64	2.27694
1.52	1.66	2.33529
1.52	1.68	2.39401
1.52	1.7	2.45309
1.52	1.72	2.51253
1.52	1.74	2.57232
1.52	1.76	2.63246
1.52	1.78	2.69295
1.52	1.8	2.75378
1.52	1.82	2.81494
1.52	1.84	2.87644
1.52	1.86	2.93827
1.52	1.88	3.00043
1.52	1.9	3.06291
1.52	1.92	3.12571
1.52	1.94	3.18883
1.52	1.96	3.25226
1.52	1.98	3.316
1.52	2	3.38005
1.54	1	0.664945
1.54	1.02	0.70935
1.54	1.04	0.754359
1.54	1.06	0.79996
1.54	1.08	0.846142
1.54	1.1	0.892895
1.54	1.12	0.940208
1.54	1.14	0.98807
1.54	1.16	1.03647
1.54	1.18	1.08541
1.54	1.2	1.13486
1.54	1.22	1.18483
1.54	1.24	1.23531
1.54	1.26	1.28628
1.54	1.28	1.33774
1.54	1.3	1.38968
1.54	1.32	1.4421
1.54	1.34	1.49498
1.54	1.36	1.54832
1.54	1.38	1.60212
1.54	1.4	1.65636
1.54	1.42	1.71104
1.54	1.44	1.76615
1.54	1.46	1.8217
1.54	1.48	1.87766
1.54	1.5	1.93404
1.54	1.52	1.99083
1.54	1.54	2.04803
1.54	1.56	2.10563
1.54	1.58	2.16362
1.54	1.6	2.222
1.54	1.62	2.28077
1.54	1.64	2.33991
1.54	1.66	2.39944
1.54	1.68	2.45933
1.54	1.7	2.51959
1.54	1.72	2.58021
1.54	1.74	2.64119
1.54	1.76	2.70253
1.54	1.78	2.76421
1.54	1.8	2.82625
1.54	1.82	2.88862
1.54	1.84	2.95133
1.54	1.86	3.01438
1.54	1.88	3.07775
1.54	1.9	3.14146
1.54	1.92	3.20549
1.54	1.94	3.26984
1.54	1.96	3.33451
1.54	1.98	3.39949
1.54	2	3.46478
1.56	1	0.69371
1.56	1.02	0.739094
1.56	1.04	0.78509
1.56	1.06	0.831686
1.56	1.08	0.878871
1.56	1.1	0.926633
1.56	1.12	0.974963
1.56	1.14	1.02385
1.56	1.16	1.07328
1.56	1.18	1.12326
1.56	1.2	1.17376
1.56	1.22	1.22478
1.56	1.24	1.27631
1.56	1.26	1.32835
1.56	1.28	1.38088
1.56	1.3	1.4339
1.56	1.32	1.4874
1.56	1.34	1.54137
1.56	1.36	1.5958
1.56	1.38	1.6507
1.56	1.4	1.70605
1.56	1.42	1.76184
1.56	1.44	1.81808
1.56	1.46	1.87474
1.56	1.48	1.93184
1.56	1.5	1.98935
1.56	1.52	2.04728
1.56	1.54	2.10563
1.56	1.56	2.16437
1.56	1.58	2.22352
1.56	1.6	2.28306
1.56	1.62	2.343
1.56	1.64	2.40332
1.56	1.66	2.46401
1.56	1.68	2.52509
1.56	1.7	2.58653
1.56	1.72	2.64835
1.56	1.74	2.71052
1.56	1.76	2.77305
1.56	1.78	2.83594
1.56	1.8	2.89918
1.56	1.82	2.96277
1.56	1.84	3.0267
1.56	1.86	3.09097
1.56	1.88	3.15557
1.56	1.9	3.2205
1.56	1.92	3.28577
1.56	1.94	3.35136
1.56	1.96	3.41727
1.56	1.98	3.4835
1.56	2	3.55004
1.58	1	0.722731
1.58	1.02	0.7691
1.58	1.04	0.816088
1.58	1.06	0.863684
1.58	1.08	0.911876
1.58	1.1	0.960653
1.58	1.12	1.01001
1.58	1.14	1.05992
1.58	1.16	1.11039
1.58	1.18	1.16141
1.58	1.2	1.21296
1.58	1.22	1.26504
1.58	1.24	1.31763
1.58	1.26	1.37074
1.58	1.28	1.42435
1.58	1.3	1.47845
1.58	1.32	1.53303
1.58	1.34	1.5881
1.58	1.36	1.64364
1.58	1.38	1.69964
1.58	1.4	1.7561
1.58	1.42	1.81301
1.58	1.44	1.87037
1.58	1.46	1.92816
1.58	1.48	1.98639
1.58	1.5	2.04505
1.58	1.52	2.10413
1.58	1.54	2.16362
1.58	1.56	2.22352
1.58	1.58	2.28383
1.58	1.6	2.34454
1.58	1.62	2.40564
1.58	1.64	2.46714
1.58	1.66	2.52902
1.58	1.68	2.59127
1.58	1.7	2.65391
1.58	1.72	2.71692
1.58	1.74	2.78029
1.58	1.76	2.84403
1.58	1.78	2.90813
1.58	1.8	2.97258
1.58	1.82	3.03739
1.58	1.84	3.10254
1.58	1.86	3.16803
1.58	1.88	3.23386
1.58	1.9	3.30003
1.58	1.92	3.36654
1.58	1.94	3.43337
1.58	1.96	3.50053
1.58	1.98	3.56801
1.58	2	3.63581
1.6	1	0.752006
1.6	1.02	0.799364
1.6	1.04	0.847349
1.6	1.06	0.89595
1.6	1.08	0.945155
1.6	1.1	0.994952
1.6	1.12	1.04533
1.6	1.14	1.09628
1.6	1.16	1.14779
1.6	1.18	1.19986
1.6	1.2	1.25246
1.6	1.22	1.3056
1.6	1.24	1.35927
1.6	1.26	1.41345
1.6	1.28	1.46814
1.6	1.3	1.52333
1.6	1.32	1.57901
1.6	1.34	1.63517
1.6	1.36	1.69181
1.6	1.38	1.74893
1.6	1.4	1.80651
1.6	1.42	1.86454
1.6	1.44	1.92303
1.6	1.46	1.98196
1.6	1.48	2.04132
1.6	1.5	2.10112
1.6	1.52	2.16135
1.6	1.54	2.222
1.6	1.56	2.28306
1.6	1.58	2.34454
1.6	1.6	2.40642
1.6	1.62	2.4687
1.6	1.64	2.53137
1.6	1.66	2.59444
1.6	1.68	2.65789
1.6	1.7	2.72172
1.6	1.72	2.78593
1.6	1.74	2.85051
1.6	1.76	2.91545
1.6	1.78	2.98077
1.6	1.8	3.04644
1.6	1.82	3.11246
1.6	1.84	3.17884
1.6	1.86	3.24557
1.6	1.88	3.31264
1.6	1.9	3.38005
1.6	1.92	3.44779
1.6	1.94	3.51587
1.6	1.96	3.58429
1.6	1.98	3.65302
1.6	2	3.72208
1.62	1	0.78153
1.62	1.02	0.829883
1.62	1.04	0.878871
1.62	1.06	0.928482
1.62	1.08	0.978704
1.62	1.1	1.02953
1.62	1.12	1.08094
1.62	1.14	1.13293
1.62	1.16	1.18549
1.62	1.18	1.2386
1.62	1.2	1.29227
1.62	1.22	1.34648
1.62	1.24	1.40121
1.62	1.26	1.45647
1.62	1.28	1.51225
1.62	1.3	1.56853
1.62	1.32	1.62531
1.62	1.34	1.68258
1.62	1.36	1.74033
1.62	1.38	1.79856
1.62	1.4	1.85726
1.62	1.42	1.91642
1.62	1.44	1.97604
1.62	1.46	2.03611
1.62	1.48	2.09663
1.62	1.5	2.15758
1.62	1.52	2.21896
1.62	1.54	2.28077
1.62	1.56	2.343
1.62	1.58	2.40564
1.62	1.6	2.4687
1.62	1.62	2.53216
1.62	1.64	2.59602
1.62	1.66	2.66027
1.62	1.68	2.72492
1.62	1.7	2.78995
1.62	1.72	2.85536
1.62	1.74	2.92115
1.62	1.76	2.98732
1.62	1.78	3.05385
1.62	1.8	3.12074
1.62	1.82	3.18799
1.62	1.84	3.25561
1.62	1.86	3.32357
1.62	1.88	3.39188
1.62	1.9	3.46053
1.62	1.92	3.52953
1.62	1.94	3.59886
1.62	1.96	3.66853
1.62	1.98	3.73853
1.62	2	3.80886
1.64	1	0.811302
1.64	1.02	0.860654
1.64	1.04	0.910649
1.64	1.06	0.961275
1.64	1.08	1.01252
1.64	1.1	1.06437
1.64	1.12	1.11682
1.64	1.14	1.16985
1.64	1.16	1.22346
1.64	1.18	1.27764
1.64	1.2	1.33237
1.64	1.22	1.38765
1.64	1.24	1.44346
1.64	1.26	1.49981
1.64	1.28	1.55668
1.64	1.3	1.61405
1.64	1.32	1.67194
1.64	1.34	1.73032
1.64	1.36	1.78918
1.64	1.38	1.84854
1.64	1.4	1.90836
1.64	1.42	1.96866
1.64	1.44	2.02942
1.64	1.46	2.09063
1.64	1.48	2.15229
1.64	1.5	2.2144
1.64	1.52	2.27694
1.64	1.54	2.33991
1.64	1.56	2.40332
1.64	1.58	2.46714
1.64	1.6	2.53137
1.64	1.62	2.59602
1.64	1.64	2.66107
1.64	1.66	2.72652
1.64	1.68	2.79237
1.64	1.7	2.8586
1.64	1.72	2.92523
1.64	1.74	2.99223
1.64	1.76	3.05961
1.64	1.78	3.12737
1.64	1.8	3.19549
1.64	1.82	3.26398
1.64	1.84	3.33282
1.64	1.86	3.40203
1.64	1.88	3.47158
1.64	1.9	3.54149
1.64	1.92	3.61174
1.64	1.94	3.68233
1.64	1.96	3.75326
1.64	1.98	3.82453
1.64	2	3.89613
1.66	1	0.841317
1.66	1.02	0.891673
1.66	1.04	0.942681
1.66	1.06	0.994326
1.66	1.08	1.0466
1.66	1.1	1.09949
1.66	1.12	1.15298
1.66	1.14	1.20706
1.66	1.16	1.26173
1.66	1.18	1.31696
1.66	1.2	1.37277
1.66	1.22	1.42912
1.66	1.24	1.48602
1.66	1.26	1.54345
1.66	1.28	1.60141
1.66	1.3	1.65989
1.66	1.32	1.71889
1.66	1.34	1.77838
1.66	1.36	1.83837
1.66	1.38	1.89885
1.66	1.4	1.95981
1.66	1.42	2.02124
1.66	1.44	2.08314
1.66	1.46	2.1455
1.66	1.48	2.20832
1.66	1.5	2.27158
1.66	1.52	2.33529
1.66	1.54	2.39944
1.66	1.56	2.46401
1.66	1.58	2.52902
1.66	1.6	2.59444
1.66	1.62	2.66027
1.66	1.64	2.72652
1.66	1.66	2.79317
1.66	1.68	2.86023
1.66	1.7	2.92767
1.66	1.72	2.99551
1.66	1.74	3.06373
1.66	1.76	3.13234
1.66	1.78	3.20132
1.66	1.8	3.27068
1.66	1.82	3.3404
1.66	1.84	3.41049
1.66	1.86	3.48094
1.66	1.88	3.55175
1.66	1.9	3.62291
1.66	1.92	3.69442
1.66	1.94	3.76628
1.66	1.96	3.83847
1.66	1.98	3.91101
1.66	2	3.98388
1.68	1	0.871574
1.68	1.02	0.922939
1.68	1.04	0.974963
1.68	1.06	1.02763
1.68	1.08	1.08094
1.68	1.1	1.13486
1.68	1.12	1.1894
1.68	1.14	1.24454
1.68	1.16	1.30027
1.68	1.18	1.35657
1.68	1.2	1.41345
1.68	1.22	1.47088
1.68	1.24	1.52887
1.68	1.26	1.5874
1.68	1.28	1.64646
1.68	1.3	1.70605
1.68	1.32	1.76615
1.68	1.34	1.82677
1.68	1.36	1.88788
1.68	1.38	1.94949
1.68	1.4	2.01159
1.68	1.42	2.07416
1.68	1.44	2.13721
1.68	1.46	2.20073
1.68	1.48	2.2647
1.68	1.5	2.32913
1.68	1.52	2.39401
1.68	1.54	2.45933
1.68	1.56	2.52509
1.68	1.58	2.59127
1.68	1.6	2.65789
1.68	1.62	2.72492
1.68	1.64	2.79237
1.68	1.66	2.86023
1.68	1.68	2.92849
1.68	1.7	2.99715
1.68	1.72	3.06621
1.68	1.74	3.13565
1.68	1.76	3.20549
1.68	1.78	3.27571
1.68	1.8	3.3463
1.68	1.82	3.41727
1.68	1.84	3.4886
1.68	1.86	3.5603
1.68	1.88	3.63237
1.68	1.9	3.70479
1.68	1.92	3.77756
1.68	1.94	3.85069
1.68	1.96	3.92416
1.68	1.98	3.99797
1.68	2	4.07212
1.7	1	0.902068
1.7	1.02	0.954447
1.7	1.04	1.00749
1.7	1.06	1.06119
1.7	1.08	1.11553
1.7	1.1	1.1705
1.7	1.12	1.22609
1.7	1.14	1.28229
1.7	1.16	1.33908
1.7	1.18	1.39646
1.7	1.2	1.45442
1.7	1.22	1.51294
1.7	1.24	1.57202
1.7	1.26	1.63165
1.7	1.28	1.69181
1.7	1.3	1.75251
1.7	1.32	1.81374
1.7	1.34	1.87547
1.7	1.36	1.93772
1.7	1.38	2.00046
1.7	1.4	2.0637
1.7	1.42	2.12742
1.7	1.44	2.19162
1.7	1.46	2.2563
1.7	1.48	2.32144
1.7	1.5	2.38704
1.7	1.52	2.45309
1.7	1.54	2.51959
1.7	1.56	2.58653
1.7	1.58	2.65391
1.7	1.6	2.72172
1.7	1.62	2.78995
1.7	1.64	2.8586
1.7	1.66	2.92767
1.7	1.68	2.99715
1.7	1.7	3.06703
1.7	1.72	3.13731
1.7	1.74	3.20799
1.7	1.76	3.27906
1.7	1.78	3.35051
1.7	1.8	3.42235
1.7	1.82	3.49456
1.7	1.84	3.56715
1.7	1.86	3.64011
1.7	1.88	3.71343
1.7	1.9	3.78712
1.7	1.92	3.86116
1.7	1.94	3.93556
1.7	1.96	4.0103
1.7	1.98	4.0854
1.7	2	4.16084
1.72	1	0.932798
1.72	1.02	0.986195
1.72	1.04	1.04027
1.72	1.06	1.095
1.72	1.08	1.15038
1.72	1.1	1.2064
1.72	1.12	1.26305
1.72	1.14	1.32031
1.72	1.16	1.37817
1.72	1.18	1.43663
1.72	1.2	1.49567
1.72	1.22	1.55528
1.72	1.24	1.61546
1.72	1.26	1.67619
1.72	1.28	1.73747
1.72	1.3	1.79928
1.72	1.32	1.86163
1.72	1.34	1.92449
1.72	1.36	1.98787
1.72	1.38	2.05176
1.72	1.4	2.11614
1.72	1.42	2.18102
1.72	1.44	2.24638
1.72	1.46	2.31221
1.72	1.48	2.37852
1.72	1.5	2.4453
1.72	1.52	2.51253
1.72	1.54	2.58021
1.72	1.56	2.64835
1.72	1.58	2.71692
1.72	1.6	2.78593
1.72	1.62	2.85536
1.72	1.64	2.92523
1.72	1.66	2.99551
1.72	1.68	3.06621
1.72	1.7	3.13731
1.72	1.72	3.20882
1.72	1.74	3.28074
1.72	1.76	3.35304
1.72	1.78	3.42574
1.72	1.8	3.49882
1.72	1.82	3.57229
1.72	1.84	3.64613
1.72	1.86	3.72035
1.72	1.88	3.79494
1.72	1.9	3.86989
1.72	1.92	3.94521
1.72	1.94	4.02088
1.72	1.96	4.09691
1.72	1.98	4.17329
1.72	2	4.25002
1.74	1	0.96376
1.74	1.02	1.01818
1.74	1.04	1.07328
1.74	1.06	1.12906
1.74	1.08	1.18549
1.74	1.1	1.24256
1.74	1.12	1.30027
1.74	1.14	1.35859
1.74	1.16	1.41753
1.74	1.18	1.47707
1.74	1.2	1.5372
1.74	1.22	1.59791
1.74	1.24	1.65919
1.74	1.26	1.72103
1.74	1.28	1.78342
1.74	1.3	1.84636
1.74	1.32	1.90983
1.74	1.34	1.97383
1.74	1.36	2.03835
1.74	1.38	2.10338
1.74	1.4	2.16891
1.74	1.42	2.23494
1.74	1.44	2.30146
1.74	1.46	2.36847
1.74	1.48	2.43595
1.74	1.5	2.5039
1.74	1.52	2.57232
1.74	1.54	2.64119
1.74	1.56	2.71052
1.74	1.58	2.78029
1.74	1.6	2.85051
1.74	1.62	2.92115
1.74	1.64	2.99223
1.74	1.66	3.06373
1.74	1.68	3.13565
1.74	1.7	3.20799
1.74	1.72	3.28074
1.74	1.74	3.35389
1.74	1.76	3.42743
1.74	1.78	3.50138
1.74	1.8	3.57572
1.74	1.82	3.65044
1.74	1.84	3.72554
1.74	1.86	3.80103
1.74	1.88	3.87689
1.74	1.9	3.95311
1.74	1.92	4.02971
1.74	1.94	4.10666
1.74	1.96	4.18398
1.74	1.98	4.26165
1.74	2	4.33967
1.76	1	0.994952
1.76	1.02	1.0504
1.76	1.04	1.10654
1.76	1.06	1.16336
1.76	1.08	1.22084
1.76	1.1	1.27897
1.76	1.12	1.33774
1.76	1.14	1.39714
1.76	1.16	1.45716
1.76	1.18	1.51778
1.76	1.2	1.57901
1.76	1.22	1.64081
1.76	1.24	1.7032
1.76	1.26	1.76615
1.76	1.28	1.82967
1.76	1.3	1.89373
1.76	1.32	1.95833
1.76	1.34	2.02347
1.76	1.36	2.08913
1.76	1.38	2.15531
1.76	1.4	2.222
1.76	1.42	2.28919
1.76	1.44	2.35688
1.76	1.46	2.42506
1.76	1.48	2.49372
1.76	1.5	2.56286
1.76	1.52	2.63246
1.76	1.54	2.70253
1.76	1.56	2.77305
1.76	1.58	2.84403
1.76	1.6	2.91545
1.76	1.62	2.98732
1.76	1.64	3.05961
1.76	1.66	3.13234
1.76	1.68	3.20549
1.76	1.7	3.27906
1.76	1.72	3.35304
1.76	1.74	3.42743
1.76	1.76	3.50223
1.76	1.78	3.57743
1.76	1.8	3.65302
1.76	1.82	3.72901
1.76	1.84	3.80538
1.76	1.86	3.88213
1.76	1.88	3.95926
1.76	1.9	4.03677
1.76	1.92	4.11465
1.76	1.94	4.19289
1.76	1.96	4.2715
1.76	1.98	4.35046
1.76	2	4.42978
1.78	1	1.02637
1.78	1.02	1.08285
1.78	1.04	1.14003
1.78	1.06	1.1979
1.78	1.08	1.25643
1.78	1.1	1.31563
1.78	1.12	1.37547
1.78	1.14	1.43595
1.78	1.16	1.49705
1.78	1.18	1.55877
1.78	1.2	1.62108
1.78	1.22	1.684
1.78	1.24	1.74749
1.78	1.26	1.81157
1.78	1.28	1.8762
1.78	1.3	1.94139
1.78	1.32	2.00713
1.78	1.34	2.07341
1.78	1.36	2.14022
1.78	1.38	2.20756
1.78	1.4	2.27541
1.78	1.42	2.34377
1.78	1.44	2.41263
1.78	1.46	2.48198
1.78	1.48	2.55183
1.78	1.5	2.62215
1.78	1.52	2.69295
1.78	1.54	2.76421
1.78	1.56	2.83594
1.78	1.58	2.90813
1.78	1.6	2.98077
1.78	1.62	3.05385
1.78	1.64	3.12737
1.78	1.66	3.20132
1.78	1.68	3.27571
1.78	1.7	3.35051
1.78	1.72	3.42574
1.78	1.74	3.50138
1.78	1.76	3.57743
1.78	1.78	3.65388
1.78	1.8	3.73074
1.78	1.82	3.80799
1.78	1.84	3.88563
1.78	1.86	3.96366
1.78	1.88	4.04207
1.78	1.9	4.12086
1.78	1.92	4.20002
1.78	1.94	4.27956
1.78	1.96	4.35946
1.78	1.98	4.43972
1.78	2	4.52035
1.8	1	1.05802
1.8	1.02	1.11553
1.8	1.04	1.17376
1.8	1.06	1.23267
1.8	1.08	1.29227
1.8	1.1	1.35253
1.8	1.12	1.41345
1.8	1.14	1.47501
1.8	1.16	1.5372
1.8	1.18	1.60001
1.8	1.2	1.66343
1.8	1.22	1.72746
1.8	1.24	1.79207
1.8	1.26	1.85726
1.8	1.28	1.92303
1.8	1.3	1.98935
1.8	1.32	2.05623
1.8	1.34	2.12366
1.8	1.36	2.19162
1.8	1.38	2.26012
1.8	1.4	2.32913
1.8	1.42	2.39866
1.8	1.44	2.4687
1.8	1.46	2.53923
1.8	1.48	2.61026
1.8	1.5	2.68178
1.8	1.52	2.75378
1.8	1.54	2.82625
1.8	1.56	2.89918
1.8	1.58	2.97258
1.8	1.6	3.04644
1.8	1.62	3.12074
1.8	1.64	3.19549
1.8	1.66	3.27068
1.8	1.68	3.3463
1.8	1.7	3.42235
1.8	1.72	3.49882
1.8	1.74	3.57572
1.8	1.76	3.65302
1.8	1.78	3.73074
1.8	1.8	3.80886
1.8	1.82	3.88738
1.8	1.84	3.96629
1.8	1.86	4.0456
1.8	1.88	4.12529
1.8	1.9	4.20537
1.8	1.92	4.28583
1.8	1.94	4.36666
1.8	1.96	4.44786
1.8	1.98	4.52943
1.8	2	4.61136
1.82	1	1.08988
1.82	1.02	1.14844
1.82	1.04	1.20771
1.82	1.06	1.26769
1.82	1.08	1.32835
1.82	1.1	1.38968
1.82	1.12	1.45168
1.82	1.14	1.51432
1.82	1.16	1.57761
1.82	1.18	1.64152
1.82	1.2	1.70605
1.82	1.22	1.77119
1.82	1.24	1.83692
1.82	1.26	1.90324
1.82	1.28	1.97013
1.82	1.3	2.0376
1.82	1.32	2.10563
1.82	1.34	2.17421
1.82	1.36	2.24333
1.82	1.38	2.31298
1.82	1.4	2.38317
1.82	1.42	2.45387
1.82	1.44	2.52509
1.82	1.46	2.59681
1.82	1.48	2.66903
1.82	1.5	2.74174
1.82	1.52	2.81494
1.82	1.54	2.88862
1.82	1.56	2.96277
1.82	1.58	3.03739
1.82	1.6	3.11246
1.82	1.62	3.18799
1.82	1.64	3.26398
1.82	1.66	3.3404
1.82	1.68	3.41727
1.82	1.7	3.49456
1.82	1.72	3.57229
1.82	1.74	3.65044
1.82	1.76	3.72901
1.82	1.78	3.80799
1.82	1.8	3.88738
1.82	1.82	3.96717
1.82	1.84	4.04737
1.82	1.86	4.12796
1.82	1.88	4.20894
1.82	1.9	4.29031
1.82	1.92	4.37206
1.82	1.94	4.45419
1.82	1.96	4.5367
1.82	1.98	4.61958
1.82	2	4.70282
1.84	1	1.12197
1.84	1.02	1.18157
1.84	1.04	1.2419
1.84	1.06	1.30293
1.84	1.08	1.36466
1.84	1.1	1.42707
1.84	1.12	1.49015
1.84	1.14	1.55389
1.84	1.16	1.61827
1.84	1.18	1.68329
1.84	1.2	1.74893
1.84	1.22	1.81518
1.84	1.24	1.88204
1.84	1.26	1.94949
1.84	1.28	2.01752
1.84	1.3	2.08613
1.84	1.32	2.15531
1.84	1.34	2.22504
1.84	1.36	2.29533
1.84	1.38	2.36615
1.84	1.4	2.43751
1.84	1.42	2.50939
1.84	1.44	2.58179
1.84	1.46	2.65471
1.84	1.48	2.72812
1.84	1.5	2.80204
1.84	1.52	2.87644
1.84	1.54	2.95133
1.84	1.56	3.0267
1.84	1.58	3.10254
1.84	1.6	3.17884
1.84	1.62	3.25561
1.84	1.64	3.33282
1.84	1.66	3.41049
1.84	1.68	3.4886
1.84	1.7	3.56715
1.84	1.72	3.64613
1.84	1.74	3.72554
1.84	1.76	3.80538
1.84	1.78	3.88563
1.84	1.8	3.96629
1.84	1.82	4.04737
1.84	1.84	4.12884
1.84	1.86	4.21072
1.84	1.88	4.293
1.84	1.9	4.37566
1.84	1.92	4.45871
1.84	1.94	4.54215
1.84	1.96	4.62597
1.84	1.98	4.71016
1.84	2	4.79472
1.86	1	1.15427
1.86	1.02	1.21493
1.86	1.04	1.27631
1.86	1.06	1.33841
1.86	1.08	1.40121
1.86	1.1	1.4647
1.86	1.12	1.52887
1.86	1.14	1.5937
1.86	1.16	1.65919
1.86	1.18	1.72531
1.86	1.2	1.79207
1.86	1.22	1.85944
1.86	1.24	1.92743
1.86	1.26	1.99602
1.86	1.28	2.06519
1.86	1.3	2.13495
1.86	1.32	2.20528
1.86	1.34	2.27617
1.86	1.36	2.34762
1.86	1.38	2.41962
1.86	1.4	2.49215
1.86	1.42	2.56522
1.86	1.44	2.63881
1.86	1.46	2.71292
1.86	1.48	2.78754
1.86	1.5	2.86266
1.86	1.52	2.93827
1.86	1.54	3.01438
1.86	1.56	3.09097
1.86	1.58	3.16803
1.86	1.6	3.24557
1.86	1.62	3.32357
1.86	1.64	3.40203
1.86	1.66	3.48094
1.86	1.68	3.5603
1.86	1.7	3.64011
1.86	1.72	3.72035
1.86	1.74	3.80103
1.86	1.76	3.88213
1.86	1.78	3.96366
1.86	1.8	4.0456
1.86	1.82	4.12796
1.86	1.84	4.21072
1.86	1.86	4.29389
1.86	1.88	4.37746
1.86	1.9	4.46143
1.86	1.92	4.54579
1.86	1.94	4.63053
1.86	1.96	4.71566
1.86	1.98	4.80117
1.86	2	4.88705
1.88	1	1.18679
1.88	1.02	1.2485
1.88	1.04	1.31095
1.88	1.06	1.37412
1.88	1.08	1.438
1.88	1.1	1.50257
1.88	1.12	1.56783
1.88	1.14	1.63376
1.88	1.16	1.70035
1.88	1.18	1.76759
1.88	1.2	1.83547
1.88	1.22	1.90397
1.88	1.24	1.97309
1.88	1.26	2.04281
1.88	1.28	2.11314
1.88	1.3	2.18405
1.88	1.32	2.25553
1.88	1.34	2.32759
1.88	1.36	2.40021
1.88	1.38	2.47338
1.88	1.4	2.5471
1.88	1.42	2.62136
1.88	1.44	2.69614
1.88	1.46	2.77145
1.88	1.48	2.84727
1.88	1.5	2.9236
1.88	1.52	3.00043
1.88	1.54	3.07775
1.88	1.56	3.15557
1.88	1.58	3.23386
1.88	1.6	3.31264
1.88	1.62	3.39188
1.88	1.64	3.47158
1.88	1.66	3.55175
1.88	1.68	3.63237
1.88	1.7	3.71343
1.88	1.72	3.79494
1.88	1.74	3.87689
1.88	1.76	3.95926
1.88	1.78	4.04207
1.88	1.8	4.12529
1.88	1.82	4.20894
1.88	1.84	4.293
1.88	1.86	4.37746
1.88	1.88	4.46233
1.88	1.9	4.5476
1.88	1.92	4.63327
1.88	1.94	4.71933
1.88	1.96	4.80578
1.88	1.98	4.89261
1.88	2	4.97982
1.9	1	1.21952
1.9	1.02	1.28229
1.9	1.04	1.3458
1.9	1.06	1.41005
1.9	1.08	1.47501
1.9	1.1	1.54067
1.9	1.12	1.60703
1.9	1.14	1.67406
1.9	1.16	1.74176
1.9	1.18	1.81012
1.9	1.2	1.87912
1.9	1.22	1.94875
1.9	1.24	2.01901
1.9	1.26	2.08988
1.9	1.28	2.16135
1.9	1.3	2.23342
1.9	1.32	2.30607
1.9	1.34	2.3793
1.9	1.36	2.45309
1.9	1.38	2.52744
1.9	1.4	2.60235
1.9	1.42	2.67779
1.9	1.44	2.75378
1.9	1.46	2.83029
1.9	1.48	2.90732
1.9	1.5	2.98486
1.9	1.52	3.06291
1.9	1.54	3.14146
1.9	1.56	3.2205
1.9	1.58	3.30003
1.9	1.6	3.38005
1.9	1.62	3.46053
1.9	1.64	3.54149
1.9	1.66	3.62291
1.9	1.68	3.70479
1.9	1.7	3.78712
1.9	1.72	3.86989
1.9	1.74	3.95311
1.9	1.76	4.03677
1.9	1.78	4.12086
1.9	1.8	4.20537
1.9	1.82	4.29031
1.9	1.84	4.37566
1.9	1.86	4.46143
1.9	1.88	4.5476
1.9	1.9	4.63419
1.9	1.92	4.72117
1.9	1.94	4.80854
1.9	1.96	4.89631
1.9	1.98	4.98446
1.9	2	5.073
1.92	1	1.25246
1.92	1.02	1.3163
1.92	1.04	1.38088
1.92	1.06	1.4462
1.92	1.08	1.51225
1.92	1.1	1.57901
1.92	1.12	1.64646
1.92	1.14	1.7146
1.92	1.16	1.78342
1.92	1.18	1.8529
1.92	1.2	1.92303
1.92	1.22	1.99379
1.92	1.24	2.06519
1.92	1.26	2.13721
1.92	1.28	2.20984
1.92	1.3	2.28306
1.92	1.32	2.35688
1.92	1.34	2.43128
1.92	1.36	2.50626
1.92	1.38	2.58179
1.92	1.4	2.65789
1.92	1.42	2.73453
1.92	1.44	2.81171
1.92	1.46	2.88943
1.92	1.48	2.96767
1.92	1.5	3.04644
1.92	1.52	3.12571
1.92	1.54	3.20549
1.92	1.56	3.28577
1.92	1.58	3.36654
1.92	1.6	3.44779
1.92	1.62	3.52953
1.92	1.64	3.61174
1.92	1.66	3.69442
1.92	1.68	3.77756
1.92	1.7	3.86116
1.92	1.72	3.94521
1.92	1.74	4.02971
1.92	1.76	4.11465
1.92	1.78	4.20002
1.92	1.8	4.28583
1.92	1.82	4.37206
1.92	1.84	4.45871
1.92	1.86	4.54579
1.92	1.88	4.63327
1.92	1.9	4.72117
1.92	1.92	4.80946
1.92	1.94	4.89816
1.92	1.96	4.98725
1.92	1.98	5.07674
1.92	2	5.16661
1.94	1	1.28561
1.94	1.02	1.35051
1.94	1.04	1.41617
1.94	1.06	1.48258
1.94	1.08	1.54971
1.94	1.1	1.61757
1.94	1.12	1.68613
1.94	1.14	1.75538
1.94	1.16	1.82532
1.94	1.18	1.89592
1.94	1.2	1.96718
1.94	1.22	2.03909
1.94	1.24	2.11163
1.94	1.26	2.1848
1.94	1.28	2.25859
1.94	1.3	2.33298
1.94	1.32	2.40797
1.94	1.34	2.48355
1.94	1.36	2.5597
1.94	1.38	2.63643
1.94	1.4	2.71372
1.94	1.42	2.79156
1.94	1.44	2.86995
1.94	1.46	2.94888
1.94	1.48	3.02834
1.94	1.5	3.10833
1.94	1.52	3.18883
1.94	1.54	3.26984
1.94	1.56	3.35136
1.94	1.58	3.43337
1.94	1.6	3.51587
1.94	1.62	3.59886
1.94	1.64	3.68233
1.94	1.66	3.76628
1.94	1.68	3.85069
1.94	1.7	3.93556
1.94	1.72	4.02088
1.94	1.74	4.10666
1.94	1.76	4.19289
1.94	1.78	4.27956
1.94	1.8	4.36666
1.94	1.82	4.45419
1.94	1.84	4.54215
1.94	1.86	4.63053
1.94	1.88	4.71933
1.94	1.9	4.80854
1.94	1.92	4.89816
1.94	1.94	4.98818
1.94	1.96	5.07861
1.94	1.98	5.16943
1.94	2	5.26064
1.96	1	1.31897
1.96	1.02	1.38494
1.96	1.04	1.45168
1.96	1.06	1.51917
1.96	1.08	1.5874
1.96	1.1	1.65636
1.96	1.12	1.72603
1.96	1.14	1.7964
1.96	1.16	1.86745
1.96	1.18	1.93919
1.96	1.2	2.01159
1.96	1.22	2.08464
1.96	1.24	2.15833
1.96	1.26	2.23266
1.96	1.28	2.30761
1.96	1.3	2.38317
1.96	1.32	2.45933
1.96	1.34	2.53609
1.96	1.36	2.61343
1.96	1.38	2.69135
1.96	1.4	2.76984
1.96	1.42	2.84889
1.96	1.44	2.92849
1.96	1.46	3.00863
1.96	1.48	3.08931
1.96	1.5	3.17052
1.96	1.52	3.25226
1.96	1.54	3.33451
1.96	1.56	3.41727
1.96	1.58	3.50053
1.96	1.6	3.58429
1.96	1.62	3.66853
1.96	1.64	3.75326
1.96	1.66	3.83847
1.96	1.68	3.92416
1.96	1.7	4.0103
1.96	1.72	4.09691
1.96	1.74	4.18398
1.96	1.76	4.2715
1.96	1.78	4.35946
1.96	1.8	4.44786
1.96	1.82	4.5367
1.96	1.84	4.62597
1.96	1.86	4.71566
1.96	1.88	4.80578
1.96	1.9	4.89631
1.96	1.92	4.98725
1.96	1.94	5.07861
1.96	1.96	5.17037
1.96	1.98	5.26253
1.96	2	5.35508
1.98	1	1.35253
1.98	1.02	1.41958
1.98	1.04	1.4874
1.98	1.06	1.55598
1.98	1.08	1.62531
1.98	1.1	1.69537
1.98	1.12	1.76615
1.98	1.14	1.83764
1.98	1.16	1.90983
1.98	1.18	1.9827
1.98	1.2	2.05623
1.98	1.22	2.13043
1.98	1.24	2.20528
1.98	1.26	2.28077
1.98	1.28	2.35688
1.98	1.3	2.43362
1.98	1.32	2.51096
1.98	1.34	2.5889
1.98	1.36	2.66744
1.98	1.38	2.74655
1.98	1.4	2.82625
1.98	1.42	2.9065
1.98	1.44	2.98732
1.98	1.46	3.06868
1.98	1.48	3.15059
1.98	1.5	3.23303
1.98	1.52	3.316
1.98	1.54	3.39949
1.98	1.56	3.4835
1.98	1.58	3.56801
1.98	1.6	3.65302
1.98	1.62	3.73853
1.98	1.64	3.82453
1.98	1.66	3.91101
1.98	1.68	3.99797
1.98	1.7	4.0854
1.98	1.72	4.17329
1.98	1.74	4.26165
1.98	1.76	4.35046
1.98	1.78	4.43972
1.98	1.8	4.52943
1.98	1.82	4.61958
1.98	1.84	4.71016
1.98	1.86	4.80117
1.98	1.88	4.89261
1.98	1.9	4.98446
1.98	1.92	5.07674
1.98	1.94	5.16943
1.98	1.96	5.26253
1.98	1.98	5.35603
1.98	2	5.44993
2	1	1.38629
2	1.02	1.45442
2	1.04	1.52333
2	1.06	1.593
2	1.08	1.66343
2	1.1	1.73461
2	1.12	1.80651
2	1.14	1.87912
2	1.16	1.95244
2	1.18	2.02644
2	1.2	2.10112
2	1.22	2.17648
2	1.24	2.25248
2	1.26	2.32913
2	1.28	2.40642
2	1.3	2.48433
2	1.32	2.56286
2	1.34	2.64199
2	1.36	2.72172
2	1.38	2.80204
2	1.4	2.88293
2	1.42	2.9644
2	1.44	3.04644
2	1.46	3.12902
2	1.48	3.21216
2	1.5	3.29584
2	1.52	3.38005
2	1.54	3.46478
2	1.56	3.55004
2	1.58	3.63581
2	1.6	3.72208
2	1.62	3.80886
2	1.64	3.89613
2	1.66	3.98388
2	1.68	4.07212
2	1.7	4.16084
2	1.72	4.25002
2	1.74	4.33967
2	1.76	4.42978
2	1.78	4.52035
2	1.8	4.61136
2	1.82	4.70282
2	1.84	4.79472
2	1.86	4.88705
2	1.88	4.97982
2	1.9	5.073
2	1.92	5.16661
2	1.94	5.26064
2	1.96	5.35508
2	1.98	5.44993
2	2	5.54518
