0	0	0
0	0.02	0
0	0.04	0
0	0.06	0
0	0.08	0
0	0.1	0
0	0.12	0
0	0.14	0
0	0.16	0
0	0.18	0
0	0.2	0
0	0.22	0
0	0.24	0
0	0.26	0
0	0.28	0
0	0.3	0
0	0.32	0
0	0.34	0
0	0.36	0
0	0.38	0
0	0.4	0
0	0.42	0
0	0.44	0
0	0.46	0
0	0.48	0
0	0.5	0
0	0.52	0
0	0.54	0
0	0.56	0
0	0.58	0
0	0.6	0
0	0.62	0
0	0.64	0
0	0.66	0
0	0.68	0
0	0.7	0
0	0.72	0
0	0.74	0
0	0.76	0
0	0.78	0
0	0.8	0
0	0.82	0
0	0.84	0
0	0.86	0
0	0.88	0
0	0.9	0
0	0.92	0
0	0.94	0
0	0.96	0
0	0.98	0
0	1	0
0.02	0	0
0.02	0.02	-3.91705e+06
0.02	0.04	-7.83411e+06
0.02	0.06	-1.17508e+07
0.02	0.08	-1.56661e+07
0.02	0.1	-1.95778e+07
0.02	0.12	-2.34825e+07
0.02	0.14	-2.73749e+07
0.02	0.16	-3.12475e+07
0.02	0.18	-3.50907e+07
0.02	0.2	-3.8892e+07
0.02	0.22	-4.26362e+07
0.02	0.24	-4.63048e+07
0.02	0.26	-4.98766e+07
0.02	0.28	-5.33272e+07
0.02	0.3	-5.66294e+07
0.02	0.32	-5.97537e+07
0.02	0.34	-6.26688e+07
0.02	0.36	-6.53423e+07
0.02	0.38	-6.77418e+07
0.02	0.4	-6.98357e+07
0.02	0.42	-7.15946e+07
0.02	0.44	-7.29924e+07
0.02	0.46	-7.40073e+07
0.02	0.48	-7.46229e+07
0.02	0.5	-7.48293e+07
0.02	0.52	-7.46229e+07
0.02	0.54	-7.40073e+07
0.02	0.56	-7.29924e+07
0.02	0.58	-7.15946e+07
0.02	0.6	-6.98357e+07
0.02	0.62	-6.77418e+07
0.02	0.64	-6.53423e+07
0.02	0.66	-6.26688e+07
0.02	0.68	-5.97537e+07
0.02	0.7	-5.66294e+07
0.02	0.72	-5.33272e+07
0.02	0.74	-4.98766e+07
0.02	0.76	-4.63048e+07
0.02	0.78	-4.26362e+07
0.02	0.8	-3.8892e+07
0.02	0.82	-3.50907e+07
0.02	0.84	-3.12475e+07
0.02	0.86	-2.73749e+07
0.02	0.88	-2.34825e+07
0.02	0.9	-1.95778e+07
0.02	0.92	-1.56661e+07
0.02	0.94	-1.17508e+07
0.02	0.96	-7.83411e+06
0.02	0.98	-3.91705e+06
0.02	1	0.02
0.04	0	0
0.04	0.02	-7.83411e+06
0.04	0.04	-1.56686e+07
0.04	0.06	-2.3503e+07
0.04	0.08	-3.13357e+07
0.04	0.1	-3.91627e+07
0.04	0.12	-4.69774e+07
0.04	0.14	-5.47695e+07
0.04	0.16	-6.25245e+07
0.04	0.18	-7.02233e+07
0.04	0.2	-7.78412e+07
0.04	0.22	-8.53478e+07
0.04	0.24	-9.27065e+07
0.04	0.26	-9.98744e+07
0.04	0.28	-1.06803e+08
0.04	0.3	-1.13437e+08
0.04	0.32	-1.19716e+08
0.04	0.34	-1.25579e+08
0.04	0.36	-1.30958e+08
0.04	0.38	-1.35789e+08
0.04	0.4	-1.40006e+08
0.04	0.42	-1.4355e+08
0.04	0.44	-1.46367e+08
0.04	0.46	-1.48413e+08
0.04	0.48	-1.49655e+08
0.04	0.5	-1.50071e+08
0.04	0.52	-1.49655e+08
0.04	0.54	-1.48413e+08
0.04	0.56	-1.46367e+08
0.04	0.58	-1.4355e+08
0.04	0.6	-1.40006e+08
0.04	0.62	-1.35789e+08
0.04	0.64	-1.30958e+08
0.04	0.66	-1.25579e+08
0.04	0.68	-1.19716e+08
0.04	0.7	-1.13437e+08
0.04	0.72	-1.06803e+08
0.04	0.74	-9.98744e+07
0.04	0.76	-9.27065e+07
0.04	0.78	-8.53478e+07
0.04	0.8	-7.78412e+07
0.04	0.82	-7.02233e+07
0.04	0.84	-6.25245e+07
0.04	0.86	-5.47695e+07
0.04	0.88	-4.69774e+07
0.04	0.9	-3.91627e+07
0.04	0.92	-3.13357e+07
0.04	0.94	-2.3503e+07
0.04	0.96	-1.56686e+07
0.04	0.98	-7.83411e+06
0.04	1	0.04
0.06	0	0
0.06	0.02	-1.17508e+07
0.06	0.04	-2.3503e+07
0.06	0.06	-3.5257e+07
0.06	0.08	-4.7011e+07
0.06	0.1	-5.876e+07
0.06	0.12	-7.04949e+07
0.06	0.14	-8.22011e+07
0.06	0.16	-9.38578e+07
0.06	0.18	-1.05437e+08
0.06	0.2	-1.16902e+08
0.06	0.22	-1.28207e+08
0.06	0.24	-1.39299e+08
0.06	0.26	-1.50112e+08
0.06	0.28	-1.60572e+08
0.06	0.3	-1.70597e+08
0.06	0.32	-1.80096e+08
0.06	0.34	-1.88972e+08
0.06	0.36	-1.97123e+08
0.06	0.38	-2.04449e+08
0.06	0.4	-2.10849e+08
0.06	0.42	-2.16231e+08
0.06	0.44	-2.20512e+08
0.06	0.46	-2.23622e+08
0.06	0.48	-2.2551e+08
0.06	0.5	-2.26143e+08
0.06	0.52	-2.2551e+08
0.06	0.54	-2.23622e+08
0.06	0.56	-2.20512e+08
0.06	0.58	-2.16231e+08
0.06	0.6	-2.10849e+08
0.06	0.62	-2.04449e+08
0.06	0.64	-1.97123e+08
0.06	0.66	-1.88972e+08
0.06	0.68	-1.80096e+08
0.06	0.7	-1.70597e+08
0.06	0.72	-1.60572e+08
0.06	0.74	-1.50112e+08
0.06	0.76	-1.39299e+08
0.06	0.78	-1.28207e+08
0.06	0.8	-1.16902e+08
0.06	0.82	-1.05437e+08
0.06	0.84	-9.38578e+07
0.06	0.86	-8.22011e+07
0.06	0.88	-7.04949e+07
0.06	0.9	-5.876e+07
0.06	0.92	-4.7011e+07
0.06	0.94	-3.5257e+07
0.06	0.96	-2.3503e+07
0.06	0.98	-1.17508e+07
0.06	1	0.06
0.08	0	0
0.08	0.02	-1.56661e+07
0.08	0.04	-3.13357e+07
0.08	0.06	-4.7011e+07
0.08	0.08	-6.26912e+07
0.08	0.1	-7.83715e+07
0.08	0.12	-9.4041e+07
0.08	0.14	-1.09682e+08
0.08	0.16	-1.25269e+08
0.08	0.18	-1.40764e+08
0.08	0.2	-1.56121e+08
0.08	0.22	-1.71281e+08
0.08	0.24	-1.8617e+08
0.08	0.26	-2.00702e+08
0.08	0.28	-2.14777e+08
0.08	0.3	-2.28284e+08
0.08	0.32	-2.41099e+08
0.08	0.34	-2.53088e+08
0.08	0.36	-2.64112e+08
0.08	0.38	-2.74032e+08
0.08	0.4	-2.82708e+08
0.08	0.42	-2.90011e+08
0.08	0.44	-2.95824e+08
0.08	0.46	-3.00051e+08
0.08	0.48	-3.02617e+08
0.08	0.5	-3.03478e+08
0.08	0.52	-3.02617e+08
0.08	0.54	-3.00051e+08
0.08	0.56	-2.95824e+08
0.08	0.58	-2.90011e+08
0.08	0.6	-2.82708e+08
0.08	0.62	-2.74032e+08
0.08	0.64	-2.64112e+08
0.08	0.66	-2.53088e+08
0.08	0.68	-2.41099e+08
0.08	0.7	-2.28284e+08
0.08	0.72	-2.14777e+08
0.08	0.74	-2.00702e+08
0.08	0.76	-1.8617e+08
0.08	0.78	-1.71281e+08
0.08	0.8	-1.56121e+08
0.08	0.82	-1.40764e+08
0.08	0.84	-1.25269e+08
0.08	0.86	-1.09682e+08
0.08	0.88	-9.4041e+07
0.08	0.9	-7.83715e+07
0.08	0.92	-6.26912e+07
0.08	0.94	-4.7011e+07
0.08	0.96	-3.13357e+07
0.08	0.98	-1.56661e+07
0.08	1	0.08
0.1	0	0
0.1	0.02	-1.95778e+07
0.1	0.04	-3.91627e+07
0.1	0.06	-5.876e+07
0.1	0.08	-7.83715e+07
0.1	0.1	-9.79935e+07
0.1	0.12	-1.17616e+08
0.1	0.14	-1.37218e+08
0.1	0.16	-1.56771e+08
0.1	0.18	-1.7623e+08
0.1	0.2	-1.95539e+08
0.1	0.22	-2.14625e+08
0.1	0.24	-2.33397e+08
0.1	0.26	-2.51747e+08
0.1	0.28	-2.6955e+08
0.1	0.3	-2.86662e+08
0.1	0.32	-3.02925e+08
0.1	0.34	-3.18166e+08
0.1	0.36	-3.32203e+08
0.1	0.38	-3.44854e+08
0.1	0.4	-3.55935e+08
0.1	0.42	-3.65274e+08
0.1	0.44	-3.72716e+08
0.1	0.46	-3.78132e+08
0.1	0.48	-3.81422e+08
0.1	0.5	-3.82525e+08
0.1	0.52	-3.81422e+08
0.1	0.54	-3.78132e+08
0.1	0.56	-3.72716e+08
0.1	0.58	-3.65274e+08
0.1	0.6	-3.55935e+08
0.1	0.62	-3.44854e+08
0.1	0.64	-3.32203e+08
0.1	0.66	-3.18166e+08
0.1	0.68	-3.02925e+08
0.1	0.7	-2.86662e+08
0.1	0.72	-2.6955e+08
0.1	0.74	-2.51747e+08
0.1	0.76	-2.33397e+08
0.1	0.78	-2.14625e+08
0.1	0.8	-1.95539e+08
0.1	0.82	-1.7623e+08
0.1	0.84	-1.56771e+08
0.1	0.86	-1.37218e+08
0.1	0.88	-1.17616e+08
0.1	0.9	-9.79935e+07
0.1	0.92	-7.83715e+07
0.1	0.94	-5.876e+07
0.1	0.96	-3.91627e+07
0.1	0.98	-1.95778e+07
0.1	1	0.1
0.12	0	0
0.12	0.02	-2.34825e+07
0.12	0.04	-4.69774e+07
0.12	0.06	-7.04949e+07
0.12	0.08	-9.4041e+07
0.12	0.1	-1.17616e+08
0.12	0.12	-1.4121e+08
0.12	0.14	-1.64804e+08
0.12	0.16	-1.88365e+08
0.12	0.18	-2.11846e+08
0.12	0.2	-2.3518e+08
0.12	0.22	-2.58282e+08
0.12	0.24	-2.81045e+08
0.12	0.26	-3.03339e+08
0.12	0.28	-3.25012e+08
0.12	0.3	-3.45888e+08
0.12	0.32	-3.65769e+08
0.12	0.34	-3.84441e+08
0.12	0.36	-4.01675e+08
0.12	0.38	-4.17236e+08
0.12	0.4	-4.30892e+08
0.12	0.42	-4.4242e+08
0.12	0.44	-4.51619e+08
0.12	0.46	-4.5832e+08
0.12	0.48	-4.62394e+08
0.12	0.5	-4.63761e+08
0.12	0.52	-4.62394e+08
0.12	0.54	-4.5832e+08
0.12	0.56	-4.51619e+08
0.12	0.58	-4.4242e+08
0.12	0.6	-4.30892e+08
0.12	0.62	-4.17236e+08
0.12	0.64	-4.01675e+08
0.12	0.66	-3.84441e+08
0.12	0.68	-3.65769e+08
0.12	0.7	-3.45888e+08
0.12	0.72	-3.25012e+08
0.12	0.74	-3.03339e+08
0.12	0.76	-2.81045e+08
0.12	0.78	-2.58282e+08
0.12	0.8	-2.3518e+08
0.12	0.82	-2.11846e+08
0.12	0.84	-1.88365e+08
0.12	0.86	-1.64804e+08
0.12	0.88	-1.4121e+08
0.12	0.9	-1.17616e+08
0.12	0.92	-9.4041e+07
0.12	0.94	-7.04949e+07
0.12	0.96	-4.69774e+07
0.12	0.98	-2.34825e+07
0.12	1	0.12
0.14	0	0
0.14	0.02	-2.73749e+07
0.14	0.04	-5.47695e+07
0.14	0.06	-8.22011e+07
0.14	0.08	-1.09682e+08
0.14	0.1	-1.37218e+08
0.14	0.12	-1.64804e+08
0.14	0.14	-1.92422e+08
0.14	0.16	-2.20041e+08
0.14	0.18	-2.47608e+08
0.14	0.2	-2.75052e+08
0.14	0.22	-3.02277e+08
0.14	0.24	-3.2916e+08
0.14	0.26	-3.55551e+08
0.14	0.28	-3.81268e+08
0.14	0.3	-4.06102e+08
0.14	0.32	-4.29814e+08
0.14	0.34	-4.52142e+08
0.14	0.36	-4.72803e+08
0.14	0.38	-4.91504e+08
0.14	0.4	-5.07952e+08
0.14	0.42	-5.21865e+08
0.14	0.44	-5.32985e+08
0.14	0.46	-5.41096e+08
0.14	0.48	-5.46033e+08
0.14	0.5	-5.4769e+08
0.14	0.52	-5.46033e+08
0.14	0.54	-5.41096e+08
0.14	0.56	-5.32985e+08
0.14	0.58	-5.21865e+08
0.14	0.6	-5.07952e+08
0.14	0.62	-4.91504e+08
0.14	0.64	-4.72803e+08
0.14	0.66	-4.52142e+08
0.14	0.68	-4.29814e+08
0.14	0.7	-4.06102e+08
0.14	0.72	-3.81268e+08
0.14	0.74	-3.55551e+08
0.14	0.76	-3.2916e+08
0.14	0.78	-3.02277e+08
0.14	0.8	-2.75052e+08
0.14	0.82	-2.47608e+08
0.14	0.84	-2.20041e+08
0.14	0.86	-1.92422e+08
0.14	0.88	-1.64804e+08
0.14	0.9	-1.37218e+08
0.14	0.92	-1.09682e+08
0.14	0.94	-8.22011e+07
0.14	0.96	-5.47695e+07
0.14	0.98	-2.73749e+07
0.14	1	0.14
0.16	0	0
0.16	0.02	-3.12475e+07
0.16	0.04	-6.25245e+07
0.16	0.06	-9.38578e+07
0.16	0.08	-1.25269e+08
0.16	0.1	-1.56771e+08
0.16	0.12	-1.88365e+08
0.16	0.14	-2.20041e+08
0.16	0.16	-2.51767e+08
0.16	0.18	-2.83493e+08
0.16	0.2	-3.15143e+08
0.16	0.22	-3.46612e+08
0.16	0.24	-3.77765e+08
0.16	0.26	-4.0843e+08
0.16	0.28	-4.38399e+08
0.16	0.3	-4.67426e+08
0.16	0.32	-4.95227e+08
0.16	0.34	-5.21486e+08
0.16	0.36	-5.45858e+08
0.16	0.38	-5.67983e+08
0.16	0.4	-5.87494e+08
0.16	0.42	-6.04037e+08
0.16	0.44	-6.17287e+08
0.16	0.46	-6.26967e+08
0.16	0.48	-6.32864e+08
0.16	0.5	-6.34845e+08
0.16	0.52	-6.32864e+08
0.16	0.54	-6.26967e+08
0.16	0.56	-6.17287e+08
0.16	0.58	-6.04037e+08
0.16	0.6	-5.87494e+08
0.16	0.62	-5.67983e+08
0.16	0.64	-5.45858e+08
0.16	0.66	-5.21486e+08
0.16	0.68	-4.95227e+08
0.16	0.7	-4.67426e+08
0.16	0.72	-4.38399e+08
0.16	0.74	-4.0843e+08
0.16	0.76	-3.77765e+08
0.16	0.78	-3.46612e+08
0.16	0.8	-3.15143e+08
0.16	0.82	-2.83493e+08
0.16	0.84	-2.51767e+08
0.16	0.86	-2.20041e+08
0.16	0.88	-1.88365e+08
0.16	0.9	-1.56771e+08
0.16	0.92	-1.25269e+08
0.16	0.94	-9.38578e+07
0.16	0.96	-6.25245e+07
0.16	0.98	-3.12475e+07
0.16	1	0.16
0.18	0	0
0.18	0.02	-3.50907e+07
0.18	0.04	-7.02233e+07
0.18	0.06	-1.05437e+08
0.18	0.08	-1.40764e+08
0.18	0.1	-1.7623e+08
0.18	0.12	-2.11846e+08
0.18	0.14	-2.47608e+08
0.18	0.16	-2.83493e+08
0.18	0.18	-3.19453e+08
0.18	0.2	-3.55412e+08
0.18	0.22	-3.91261e+08
0.18	0.24	-4.26852e+08
0.18	0.26	-4.61996e+08
0.18	0.28	-4.96457e+08
0.18	0.3	-5.29951e+08
0.18	0.32	-5.62147e+08
0.18	0.34	-5.92667e+08
0.18	0.36	-6.21096e+08
0.18	0.38	-6.4699e+08
0.18	0.4	-6.69898e+08
0.18	0.42	-6.89375e+08
0.18	0.44	-7.05013e+08
0.18	0.46	-7.16458e+08
0.18	0.48	-7.2344e+08
0.18	0.5	-7.25786e+08
0.18	0.52	-7.2344e+08
0.18	0.54	-7.16458e+08
0.18	0.56	-7.05013e+08
0.18	0.58	-6.89375e+08
0.18	0.6	-6.69898e+08
0.18	0.62	-6.4699e+08
0.18	0.64	-6.21096e+08
0.18	0.66	-5.92667e+08
0.18	0.68	-5.62147e+08
0.18	0.7	-5.29951e+08
0.18	0.72	-4.96457e+08
0.18	0.74	-4.61996e+08
0.18	0.76	-4.26852e+08
0.18	0.78	-3.91261e+08
0.18	0.8	-3.55412e+08
0.18	0.82	-3.19453e+08
0.18	0.84	-2.83493e+08
0.18	0.86	-2.47608e+08
0.18	0.88	-2.11846e+08
0.18	0.9	-1.7623e+08
0.18	0.92	-1.40764e+08
0.18	0.94	-1.05437e+08
0.18	0.96	-7.02233e+07
0.18	0.98	-3.50907e+07
0.18	1	0.18
0.2	0	0
0.2	0.02	-3.8892e+07
0.2	0.04	-7.78412e+07
0.2	0.06	-1.16902e+08
0.2	0.08	-1.56121e+08
0.2	0.1	-1.95539e+08
0.2	0.12	-2.3518e+08
0.2	0.14	-2.75052e+08
0.2	0.16	-3.15143e+08
0.2	0.18	-3.55412e+08
0.2	0.2	-3.95788e+08
0.2	0.22	-4.3616e+08
0.2	0.24	-4.76374e+08
0.2	0.26	-5.16225e+08
0.2	0.28	-5.55451e+08
0.2	0.3	-5.93729e+08
0.2	0.32	-6.30676e+08
0.2	0.34	-6.65845e+08
0.2	0.36	-6.98738e+08
0.2	0.38	-7.28818e+08
0.2	0.4	-7.55525e+08
0.2	0.42	-7.78306e+08
0.2	0.44	-7.96646e+08
0.2	0.46	-8.10098e+08
0.2	0.48	-8.18316e+08
0.2	0.5	-8.2108e+08
0.2	0.52	-8.18316e+08
0.2	0.54	-8.10098e+08
0.2	0.56	-7.96646e+08
0.2	0.58	-7.78306e+08
0.2	0.6	-7.55525e+08
0.2	0.62	-7.28818e+08
0.2	0.64	-6.98738e+08
0.2	0.66	-6.65845e+08
0.2	0.68	-6.30676e+08
0.2	0.7	-5.93729e+08
0.2	0.72	-5.55451e+08
0.2	0.74	-5.16225e+08
0.2	0.76	-4.76374e+08
0.2	0.78	-4.3616e+08
0.2	0.8	-3.95788e+08
0.2	0.82	-3.55412e+08
0.2	0.84	-3.15143e+08
0.2	0.86	-2.75052e+08
0.2	0.88	-2.3518e+08
0.2	0.9	-1.95539e+08
0.2	0.92	-1.56121e+08
0.2	0.94	-1.16902e+08
0.2	0.96	-7.78412e+07
0.2	0.98	-3.8892e+07
0.2	1	0.2
0.22	0	0
0.22	0.02	-4.26362e+07
0.22	0.04	-8.53478e+07
0.22	0.06	-1.28207e+08
0.22	0.08	-1.71281e+08
0.22	0.1	-2.14625e+08
0.22	0.12	-2.58282e+08
0.22	0.14	-3.02277e+08
0.22	0.16	-3.46612e+08
0.22	0.18	-3.91261e+08
0.22	0.2	-4.3616e+08
0.22	0.22	-4.81205e+08
0.22	0.24	-5.26238e+08
0.22	0.26	-5.71044e+08
0.22	0.28	-6.15336e+08
0.22	0.3	-6.58754e+08
0.22	0.32	-7.00856e+08
0.22	0.34	-7.41122e+08
0.22	0.36	-7.78958e+08
0.22	0.38	-8.1371e+08
0.22	0.4	-8.44693e+08
0.22	0.42	-8.71219e+08
0.22	0.44	-8.92639e+08
0.22	0.46	-9.08387e+08
0.22	0.48	-9.18024e+08
0.22	0.5	-9.21268e+08
0.22	0.52	-9.18024e+08
0.22	0.54	-9.08387e+08
0.22	0.56	-8.92639e+08
0.22	0.58	-8.71219e+08
0.22	0.6	-8.44693e+08
0.22	0.62	-8.1371e+08
0.22	0.64	-7.78958e+08
0.22	0.66	-7.41122e+08
0.22	0.68	-7.00856e+08
0.22	0.7	-6.58754e+08
0.22	0.72	-6.15336e+08
0.22	0.74	-5.71044e+08
0.22	0.76	-5.26238e+08
0.22	0.78	-4.81205e+08
0.22	0.8	-4.3616e+08
0.22	0.82	-3.91261e+08
0.22	0.84	-3.46612e+08
0.22	0.86	-3.02277e+08
0.22	0.88	-2.58282e+08
0.22	0.9	-2.14625e+08
0.22	0.92	-1.71281e+08
0.22	0.94	-1.28207e+08
0.22	0.96	-8.53478e+07
0.22	0.98	-4.26362e+07
0.22	1	0.22
0.24	0	0
0.24	0.02	-4.63048e+07
0.24	0.04	-9.27065e+07
0.24	0.06	-1.39299e+08
0.24	0.08	-1.8617e+08
0.24	0.1	-2.33397e+08
0.24	0.12	-2.81045e+08
0.24	0.14	-3.2916e+08
0.24	0.16	-3.77765e+08
0.24	0.18	-4.26852e+08
0.24	0.2	-4.76374e+08
0.24	0.22	-5.26238e+08
0.24	0.24	-5.76292e+08
0.24	0.26	-6.26312e+08
0.24	0.28	-6.75995e+08
0.24	0.3	-7.24941e+08
0.24	0.32	-7.72649e+08
0.24	0.34	-8.18516e+08
0.24	0.36	-8.61835e+08
0.24	0.38	-9.01821e+08
0.24	0.4	-9.37632e+08
0.24	0.42	-9.68415e+08
0.24	0.44	-9.93357e+08
0.24	0.46	-1.01174e+09
0.24	0.48	-1.02302e+09
0.24	0.5	-1.02681e+09
0.24	0.52	-1.02302e+09
0.24	0.54	-1.01174e+09
0.24	0.56	-9.93357e+08
0.24	0.58	-9.68415e+08
0.24	0.6	-9.37632e+08
0.24	0.62	-9.01821e+08
0.24	0.64	-8.61835e+08
0.24	0.66	-8.18516e+08
0.24	0.68	-7.72649e+08
0.24	0.7	-7.24941e+08
0.24	0.72	-6.75995e+08
0.24	0.74	-6.26312e+08
0.24	0.76	-5.76292e+08
0.24	0.78	-5.26238e+08
0.24	0.8	-4.76374e+08
0.24	0.82	-4.26852e+08
0.24	0.84	-3.77765e+08
0.24	0.86	-3.2916e+08
0.24	0.88	-2.81045e+08
0.24	0.9	-2.33397e+08
0.24	0.92	-1.8617e+08
0.24	0.94	-1.39299e+08
0.24	0.96	-9.27065e+07
0.24	0.98	-4.63048e+07
0.24	1	0.24
0.26	0	0
0.26	0.02	-4.98766e+07
0.26	0.04	-9.98744e+07
0.26	0.06	-1.50112e+08
0.26	0.08	-2.00702e+08
0.26	0.1	-2.51747e+08
0.26	0.12	-3.03339e+08
0.26	0.14	-3.55551e+08
0.26	0.16	-4.0843e+08
0.26	0.18	-4.61996e+08
0.26	0.2	-5.16225e+08
0.26	0.22	-5.71044e+08
0.26	0.24	-6.26312e+08
0.26	0.26	-6.8181e+08
0.26	0.28	-7.37217e+08
0.26	0.3	-7.92102e+08
0.26	0.32	-8.45901e+08
0.26	0.34	-8.97916e+08
0.26	0.36	-9.47319e+08
0.26	0.38	-9.93162e+08
0.26	0.4	-1.03442e+09
0.26	0.42	-1.07004e+09
0.26	0.44	-1.09901e+09
0.26	0.46	-1.12043e+09
0.26	0.48	-1.13358e+09
0.26	0.5	-1.13802e+09
0.26	0.52	-1.13358e+09
0.26	0.54	-1.12043e+09
0.26	0.56	-1.09901e+09
0.26	0.58	-1.07004e+09
0.26	0.6	-1.03442e+09
0.26	0.62	-9.93162e+08
0.26	0.64	-9.47319e+08
0.26	0.66	-8.97916e+08
0.26	0.68	-8.45901e+08
0.26	0.7	-7.92102e+08
0.26	0.72	-7.37217e+08
0.26	0.74	-6.8181e+08
0.26	0.76	-6.26312e+08
0.26	0.78	-5.71044e+08
0.26	0.8	-5.16225e+08
0.26	0.82	-4.61996e+08
0.26	0.84	-4.0843e+08
0.26	0.86	-3.55551e+08
0.26	0.88	-3.03339e+08
0.26	0.9	-2.51747e+08
0.26	0.92	-2.00702e+08
0.26	0.94	-1.50112e+08
0.26	0.96	-9.98744e+07
0.26	0.98	-4.98766e+07
0.26	1	0.26
0.28	0	0
0.28	0.02	-5.33272e+07
0.28	0.04	-1.06803e+08
0.28	0.06	-1.60572e+08
0.28	0.08	-2.14777e+08
0.28	0.1	-2.6955e+08
0.28	0.12	-3.25012e+08
0.28	0.14	-3.81268e+08
0.28	0.16	-4.38399e+08
0.28	0.18	-4.96457e+08
0.28	0.2	-5.55451e+08
0.28	0.22	-6.15336e+08
0.28	0.24	-6.75995e+08
0.28	0.26	-7.37217e+08
0.28	0.28	-7.98679e+08
0.28	0.3	-8.59915e+08
0.28	0.32	-9.20302e+08
0.28	0.34	-9.7904e+08
0.28	0.36	-1.03516e+09
0.28	0.38	-1.08753e+09
0.28	0.4	-1.13491e+09
0.28	0.42	-1.176e+09
0.28	0.44	-1.20954e+09
0.28	0.46	-1.23441e+09
0.28	0.48	-1.24972e+09
0.28	0.5	-1.25489e+09
0.28	0.52	-1.24972e+09
0.28	0.54	-1.23441e+09
0.28	0.56	-1.20954e+09
0.28	0.58	-1.176e+09
0.28	0.6	-1.13491e+09
0.28	0.62	-1.08753e+09
0.28	0.64	-1.03516e+09
0.28	0.66	-9.7904e+08
0.28	0.68	-9.20302e+08
0.28	0.7	-8.59915e+08
0.28	0.72	-7.98679e+08
0.28	0.74	-7.37217e+08
0.28	0.76	-6.75995e+08
0.28	0.78	-6.15336e+08
0.28	0.8	-5.55451e+08
0.28	0.82	-4.96457e+08
0.28	0.84	-4.38399e+08
0.28	0.86	-3.81268e+08
0.28	0.88	-3.25012e+08
0.28	0.9	-2.6955e+08
0.28	0.92	-2.14777e+08
0.28	0.94	-1.60572e+08
0.28	0.96	-1.06803e+08
0.28	0.98	-5.33272e+07
0.28	1	0.28
0.3	0	0
0.3	0.02	-5.66294e+07
0.3	0.04	-1.13437e+08
0.3	0.06	-1.70597e+08
0.3	0.08	-2.28284e+08
0.3	0.1	-2.86662e+08
0.3	0.12	-3.45888e+08
0.3	0.14	-4.06102e+08
0.3	0.16	-4.67426e+08
0.3	0.18	-5.29951e+08
0.3	0.2	-5.93729e+08
0.3	0.22	-6.58754e+08
0.3	0.24	-7.24941e+08
0.3	0.26	-7.92102e+08
0.3	0.28	-8.59915e+08
0.3	0.3	-9.27892e+08
0.3	0.32	-9.95347e+08
0.3	0.34	-1.06137e+09
0.3	0.36	-1.12485e+09
0.3	0.38	-1.18442e+09
0.3	0.4	-1.23861e+09
0.3	0.42	-1.28582e+09
0.3	0.44	-1.32451e+09
0.3	0.46	-1.35329e+09
0.3	0.48	-1.37103e+09
0.3	0.5	-1.37703e+09
0.3	0.52	-1.37103e+09
0.3	0.54	-1.35329e+09
0.3	0.56	-1.32451e+09
0.3	0.58	-1.28582e+09
0.3	0.6	-1.23861e+09
0.3	0.62	-1.18442e+09
0.3	0.64	-1.12485e+09
0.3	0.66	-1.06137e+09
0.3	0.68	-9.95347e+08
0.3	0.7	-9.27892e+08
0.3	0.72	-8.59915e+08
0.3	0.74	-7.92102e+08
0.3	0.76	-7.24941e+08
0.3	0.78	-6.58754e+08
0.3	0.8	-5.93729e+08
0.3	0.82	-5.29951e+08
0.3	0.84	-4.67426e+08
0.3	0.86	-4.06102e+08
0.3	0.88	-3.45888e+08
0.3	0.9	-2.86662e+08
0.3	0.92	-2.28284e+08
0.3	0.94	-1.70597e+08
0.3	0.96	-1.13437e+08
0.3	0.98	-5.66294e+07
0.3	1	0.3
0.32	0	0
0.32	0.02	-5.97537e+07
0.32	0.04	-1.19716e+08
0.32	0.06	-1.80096e+08
0.32	0.08	-2.41099e+08
0.32	0.1	-3.02925e+08
0.32	0.12	-3.65769e+08
0.32	0.14	-4.29814e+08
0.32	0.16	-4.95227e+08
0.32	0.18	-5.62147e+08
0.32	0.2	-6.30676e+08
0.32	0.22	-7.00856e+08
0.32	0.24	-7.72649e+08
0.32	0.26	-8.45901e+08
0.32	0.28	-9.20302e+08
0.32	0.3	-9.95347e+08
0.32	0.32	-1.07029e+09
0.32	0.34	-1.14412e+09
0.32	0.36	-1.21553e+09
0.32	0.38	-1.28295e+09
0.32	0.4	-1.34459e+09
0.32	0.42	-1.39856e+09
0.32	0.44	-1.44295e+09
0.32	0.46	-1.47606e+09
0.32	0.48	-1.49653e+09
0.32	0.5	-1.50345e+09
0.32	0.52	-1.49653e+09
0.32	0.54	-1.47606e+09
0.32	0.56	-1.44295e+09
0.32	0.58	-1.39856e+09
0.32	0.6	-1.34459e+09
0.32	0.62	-1.28295e+09
0.32	0.64	-1.21553e+09
0.32	0.66	-1.14412e+09
0.32	0.68	-1.07029e+09
0.32	0.7	-9.95347e+08
0.32	0.72	-9.20302e+08
0.32	0.74	-8.45901e+08
0.32	0.76	-7.72649e+08
0.32	0.78	-7.00856e+08
0.32	0.8	-6.30676e+08
0.32	0.82	-5.62147e+08
0.32	0.84	-4.95227e+08
0.32	0.86	-4.29814e+08
0.32	0.88	-3.65769e+08
0.32	0.9	-3.02925e+08
0.32	0.92	-2.41099e+08
0.32	0.94	-1.80096e+08
0.32	0.96	-1.19716e+08
0.32	0.98	-5.97537e+07
0.32	1	0.32
0.34	0	0
0.34	0.02	-6.26688e+07
0.34	0.04	-1.25579e+08
0.34	0.06	-1.88972e+08
0.34	0.08	-2.53088e+08
0.34	0.1	-3.18166e+08
0.34	0.12	-3.84441e+08
0.34	0.14	-4.52142e+08
0.34	0.16	-5.21486e+08
0.34	0.18	-5.92667e+08
0.34	0.2	-6.65845e+08
0.34	0.22	-7.41122e+08
0.34	0.24	-8.18516e+08
0.34	0.26	-8.97916e+08
0.34	0.28	-9.7904e+08
0.34	0.3	-1.06137e+09
0.34	0.32	-1.14412e+09
0.34	0.34	-1.22615e+09
0.34	0.36	-1.30597e+09
0.34	0.38	-1.38176e+09
0.34	0.4	-1.45142e+09
0.34	0.42	-1.51267e+09
0.34	0.44	-1.56324e+09
0.34	0.46	-1.60108e+09
0.34	0.48	-1.6245e+09
0.34	0.5	-1.63243e+09
0.34	0.52	-1.6245e+09
0.34	0.54	-1.60108e+09
0.34	0.56	-1.56324e+09
0.34	0.58	-1.51267e+09
0.34	0.6	-1.45142e+09
0.34	0.62	-1.38176e+09
0.34	0.64	-1.30597e+09
0.34	0.66	-1.22615e+09
0.34	0.68	-1.14412e+09
0.34	0.7	-1.06137e+09
0.34	0.72	-9.7904e+08
0.34	0.74	-8.97916e+08
0.34	0.76	-8.18516e+08
0.34	0.78	-7.41122e+08
0.34	0.8	-6.65845e+08
0.34	0.82	-5.92667e+08
0.34	0.84	-5.21486e+08
0.34	0.86	-4.52142e+08
0.34	0.88	-3.84441e+08
0.34	0.9	-3.18166e+08
0.34	0.92	-2.53088e+08
0.34	0.94	-1.88972e+08
0.34	0.96	-1.25579e+08
0.34	0.98	-6.26688e+07
0.34	1	0.34
0.36	0	0
0.36	0.02	-6.53423e+07
0.36	0.04	-1.30958e+08
0.36	0.06	-1.97123e+08
0.36	0.08	-2.64112e+08
0.36	0.1	-3.32203e+08
0.36	0.12	-4.01675e+08
0.36	0.14	-4.72803e+08
0.36	0.16	-5.45858e+08
0.36	0.18	-6.21096e+08
0.36	0.2	-6.98738e+08
0.36	0.22	-7.78958e+08
0.36	0.24	-8.61835e+08
0.36	0.26	-9.47319e+08
0.36	0.28	-1.03516e+09
0.36	0.3	-1.12485e+09
0.36	0.32	-1.21553e+09
0.36	0.34	-1.30597e+09
0.36	0.36	-1.39449e+09
0.36	0.38	-1.47899e+09
0.36	0.4	-1.55703e+09
0.36	0.42	-1.62594e+09
0.36	0.44	-1.68304e+09
0.36	0.46	-1.72586e+09
0.36	0.48	-1.75242e+09
0.36	0.5	-1.76142e+09
0.36	0.52	-1.75242e+09
0.36	0.54	-1.72586e+09
0.36	0.56	-1.68304e+09
0.36	0.58	-1.62594e+09
0.36	0.6	-1.55703e+09
0.36	0.62	-1.47899e+09
0.36	0.64	-1.39449e+09
0.36	0.66	-1.30597e+09
0.36	0.68	-1.21553e+09
0.36	0.7	-1.12485e+09
0.36	0.72	-1.03516e+09
0.36	0.74	-9.47319e+08
0.36	0.76	-8.61835e+08
0.36	0.78	-7.78958e+08
0.36	0.8	-6.98738e+08
0.36	0.82	-6.21096e+08
0.36	0.84	-5.45858e+08
0.36	0.86	-4.72803e+08
0.36	0.88	-4.01675e+08
0.36	0.9	-3.32203e+08
0.36	0.92	-2.64112e+08
0.36	0.94	-1.97123e+08
0.36	0.96	-1.30958e+08
0.36	0.98	-6.53423e+07
0.36	1	0.36
0.38	0	0
0.38	0.02	-6.77418e+07
0.38	0.04	-1.35789e+08
0.38	0.06	-2.04449e+08
0.38	0.08	-2.74032e+08
0.38	0.1	-3.44854e+08
0.38	0.12	-4.17236e+08
0.38	0.14	-4.91504e+08
0.38	0.16	-5.67983e+08
0.38	0.18	-6.4699e+08
0.38	0.2	-7.28818e+08
0.38	0.22	-8.1371e+08
0.38	0.24	-9.01821e+08
0.38	0.26	-9.93162e+08
0.38	0.28	-1.08753e+09
0.38	0.3	-1.18442e+09
0.38	0.32	-1.28295e+09
0.38	0.34	-1.38176e+09
0.38	0.36	-1.47899e+09
0.38	0.38	-1.57227e+09
0.38	0.4	-1.6588e+09
0.38	0.42	-1.73549e+09
0.38	0.44	-1.79924e+09
0.38	0.46	-1.84716e+09
0.38	0.48	-1.87693e+09
0.38	0.5	-1.88702e+09
0.38	0.52	-1.87693e+09
0.38	0.54	-1.84716e+09
0.38	0.56	-1.79924e+09
0.38	0.58	-1.73549e+09
0.38	0.6	-1.6588e+09
0.38	0.62	-1.57227e+09
0.38	0.64	-1.47899e+09
0.38	0.66	-1.38176e+09
0.38	0.68	-1.28295e+09
0.38	0.7	-1.18442e+09
0.38	0.72	-1.08753e+09
0.38	0.74	-9.93162e+08
0.38	0.76	-9.01821e+08
0.38	0.78	-8.1371e+08
0.38	0.8	-7.28818e+08
0.38	0.82	-6.4699e+08
0.38	0.84	-5.67983e+08
0.38	0.86	-4.91504e+08
0.38	0.88	-4.17236e+08
0.38	0.9	-3.44854e+08
0.38	0.92	-2.74032e+08
0.38	0.94	-2.04449e+08
0.38	0.96	-1.35789e+08
0.38	0.98	-6.77418e+07
0.38	1	0.38
0.4	0	0
0.4	0.02	-6.98357e+07
0.4	0.04	-1.40006e+08
0.4	0.06	-2.10849e+08
0.4	0.08	-2.82708e+08
0.4	0.1	-3.55935e+08
0.4	0.12	-4.30892e+08
0.4	0.14	-5.07952e+08
0.4	0.16	-5.87494e+08
0.4	0.18	-6.69898e+08
0.4	0.2	-7.55525e+08
0.4	0.22	-8.44693e+08
0.4	0.24	-9.37632e+08
0.4	0.26	-1.03442e+09
0.4	0.28	-1.13491e+09
0.4	0.3	-1.23861e+09
0.4	0.32	-1.34459e+09
0.4	0.34	-1.45142e+09
0.4	0.36	-1.55703e+09
0.4	0.38	-1.6588e+09
0.4	0.4	-1.75356e+09
0.4	0.42	-1.83784e+09
0.4	0.44	-1.90807e+09
0.4	0.46	-1.96098e+09
0.4	0.48	-1.99389e+09
0.4	0.5	-2.00507e+09
0.4	0.52	-1.99389e+09
0.4	0.54	-1.96098e+09
0.4	0.56	-1.90807e+09
0.4	0.58	-1.83784e+09
0.4	0.6	-1.75356e+09
0.4	0.62	-1.6588e+09
0.4	0.64	-1.55703e+09
0.4	0.66	-1.45142e+09
0.4	0.68	-1.34459e+09
0.4	0.7	-1.23861e+09
0.4	0.72	-1.13491e+09
0.4	0.74	-1.03442e+09
0.4	0.76	-9.37632e+08
0.4	0.78	-8.44693e+08
0.4	0.8	-7.55525e+08
0.4	0.82	-6.69898e+08
0.4	0.84	-5.87494e+08
0.4	0.86	-5.07952e+08
0.4	0.88	-4.30892e+08
0.4	0.9	-3.55935e+08
0.4	0.92	-2.82708e+08
0.4	0.94	-2.10849e+08
0.4	0.96	-1.40006e+08
0.4	0.98	-6.98357e+07
0.4	1	0.4
0.42	0	0
0.42	0.02	-7.15946e+07
0.42	0.04	-1.4355e+08
0.42	0.06	-2.16231e+08
0.42	0.08	-2.90011e+08
0.42	0.1	-3.65274e+08
0.42	0.12	-4.4242e+08
0.42	0.14	-5.21865e+08
0.42	0.16	-6.04037e+08
0.42	0.18	-6.89375e+08
0.42	0.2	-7.78306e+08
0.42	0.22	-8.71219e+08
0.42	0.24	-9.68415e+08
0.42	0.26	-1.07004e+09
0.42	0.28	-1.176e+09
0.42	0.3	-1.28582e+09
0.42	0.32	-1.39856e+09
0.42	0.34	-1.51267e+09
0.42	0.36	-1.62594e+09
0.42	0.38	-1.73549e+09
0.42	0.4	-1.83784e+09
0.42	0.42	-1.92911e+09
0.42	0.44	-2.00534e+09
0.42	0.46	-2.06287e+09
0.42	0.48	-2.0987e+09
0.42	0.5	-2.11087e+09
0.42	0.52	-2.0987e+09
0.42	0.54	-2.06287e+09
0.42	0.56	-2.00534e+09
0.42	0.58	-1.92911e+09
0.42	0.6	-1.83784e+09
0.42	0.62	-1.73549e+09
0.42	0.64	-1.62594e+09
0.42	0.66	-1.51267e+09
0.42	0.68	-1.39856e+09
0.42	0.7	-1.28582e+09
0.42	0.72	-1.176e+09
0.42	0.74	-1.07004e+09
0.42	0.76	-9.68415e+08
0.42	0.78	-8.71219e+08
0.42	0.8	-7.78306e+08
0.42	0.82	-6.89375e+08
0.42	0.84	-6.04037e+08
0.42	0.86	-5.21865e+08
0.42	0.88	-4.4242e+08
0.42	0.9	-3.65274e+08
0.42	0.92	-2.90011e+08
0.42	0.94	-2.16231e+08
0.42	0.96	-1.4355e+08
0.42	0.98	-7.15946e+07
0.42	1	0.42
0.44	0	0
0.44	0.02	-7.29924e+07
0.44	0.04	-1.46367e+08
0.44	0.06	-2.20512e+08
0.44	0.08	-2.95824e+08
0.44	0.1	-3.72716e+08
0.44	0.12	-4.51619e+08
0.44	0.14	-5.32985e+08
0.44	0.16	-6.17287e+08
0.44	0.18	-7.05013e+08
0.44	0.2	-7.96646e+08
0.44	0.22	-8.92639e+08
0.44	0.24	-9.93357e+08
0.44	0.26	-1.09901e+09
0.44	0.28	-1.20954e+09
0.44	0.3	-1.32451e+09
0.44	0.32	-1.44295e+09
0.44	0.34	-1.56324e+09
0.44	0.36	-1.68304e+09
0.44	0.38	-1.79924e+09
0.44	0.4	-1.90807e+09
0.44	0.42	-2.00534e+09
0.44	0.44	-2.08674e+09
0.44	0.46	-2.14825e+09
0.44	0.48	-2.18659e+09
0.44	0.5	-2.19962e+09
0.44	0.52	-2.18659e+09
0.44	0.54	-2.14825e+09
0.44	0.56	-2.08674e+09
0.44	0.58	-2.00534e+09
0.44	0.6	-1.90807e+09
0.44	0.62	-1.79924e+09
0.44	0.64	-1.68304e+09
0.44	0.66	-1.56324e+09
0.44	0.68	-1.44295e+09
0.44	0.7	-1.32451e+09
0.44	0.72	-1.20954e+09
0.44	0.74	-1.09901e+09
0.44	0.76	-9.93357e+08
0.44	0.78	-8.92639e+08
0.44	0.8	-7.96646e+08
0.44	0.82	-7.05013e+08
0.44	0.84	-6.17287e+08
0.44	0.86	-5.32985e+08
0.44	0.88	-4.51619e+08
0.44	0.9	-3.72716e+08
0.44	0.92	-2.95824e+08
0.44	0.94	-2.20512e+08
0.44	0.96	-1.46367e+08
0.44	0.98	-7.29924e+07
0.44	1	0.44
0.46	0	0
0.46	0.02	-7.40073e+07
0.46	0.04	-1.48413e+08
0.46	0.06	-2.23622e+08
0.46	0.08	-3.00051e+08
0.46	0.1	-3.78132e+08
0.46	0.12	-4.5832e+08
0.46	0.14	-5.41096e+08
0.46	0.16	-6.26967e+08
0.46	0.18	-7.16458e+08
0.46	0.2	-8.10098e+08
0.46	0.22	-9.08387e+08
0.46	0.24	-1.01174e+09
0.46	0.26	-1.12043e+09
0.46	0.28	-1.23441e+09
0.46	0.3	-1.35329e+09
0.46	0.32	-1.47606e+09
0.46	0.34	-1.60108e+09
0.46	0.36	-1.72586e+09
0.46	0.38	-1.84716e+09
0.46	0.4	-1.96098e+09
0.46	0.42	-2.06287e+09
0.46	0.44	-2.14825e+09
0.46	0.46	-2.21282e+09
0.46	0.48	-2.2531e+09
0.46	0.5	-2.26679e+09
0.46	0.52	-2.2531e+09
0.46	0.54	-2.21282e+09
0.46	0.56	-2.14825e+09
0.46	0.58	-2.06287e+09
0.46	0.6	-1.96098e+09
0.46	0.62	-1.84716e+09
0.46	0.64	-1.72586e+09
0.46	0.66	-1.60108e+09
0.46	0.68	-1.47606e+09
0.46	0.7	-1.35329e+09
0.46	0.72	-1.23441e+09
0.46	0.74	-1.12043e+09
0.46	0.76	-1.01174e+09
0.46	0.78	-9.08387e+08
0.46	0.8	-8.10098e+08
0.46	0.82	-7.16458e+08
0.46	0.84	-6.26967e+08
0.46	0.86	-5.41096e+08
0.46	0.88	-4.5832e+08
0.46	0.9	-3.78132e+08
0.46	0.92	-3.00051e+08
0.46	0.94	-2.23622e+08
0.46	0.96	-1.48413e+08
0.46	0.98	-7.40073e+07
0.46	1	0.46
0.48	0	0
0.48	0.02	-7.46229e+07
0.48	0.04	-1.49655e+08
0.48	0.06	-2.2551e+08
0.48	0.08	-3.02617e+08
0.48	0.1	-3.81422e+08
0.48	0.12	-4.62394e+08
0.48	0.14	-5.46033e+08
0.48	0.16	-6.32864e+08
0.48	0.18	-7.2344e+08
0.48	0.2	-8.18316e+08
0.48	0.22	-9.18024e+08
0.48	0.24	-1.02302e+09
0.48	0.26	-1.13358e+09
0.48	0.28	-1.24972e+09
0.48	0.3	-1.37103e+09
0.48	0.32	-1.49653e+09
0.48	0.34	-1.6245e+09
0.48	0.36	-1.75242e+09
0.48	0.38	-1.87693e+09
0.48	0.4	-1.99389e+09
0.48	0.42	-2.0987e+09
0.48	0.44	-2.18659e+09
0.48	0.46	-2.2531e+09
0.48	0.48	-2.2946e+09
0.48	0.5	-2.30871e+09
0.48	0.52	-2.2946e+09
0.48	0.54	-2.2531e+09
0.48	0.56	-2.18659e+09
0.48	0.58	-2.0987e+09
0.48	0.6	-1.99389e+09
0.48	0.62	-1.87693e+09
0.48	0.64	-1.75242e+09
0.48	0.66	-1.6245e+09
0.48	0.68	-1.49653e+09
0.48	0.7	-1.37103e+09
0.48	0.72	-1.24972e+09
0.48	0.74	-1.13358e+09
0.48	0.76	-1.02302e+09
0.48	0.78	-9.18024e+08
0.48	0.8	-8.18316e+08
0.48	0.82	-7.2344e+08
0.48	0.84	-6.32864e+08
0.48	0.86	-5.46033e+08
0.48	0.88	-4.62394e+08
0.48	0.9	-3.81422e+08
0.48	0.92	-3.02617e+08
0.48	0.94	-2.2551e+08
0.48	0.96	-1.49655e+08
0.48	0.98	-7.46229e+07
0.48	1	0.48
0.5	0	0
0.5	0.02	-7.48293e+07
0.5	0.04	-1.50071e+08
0.5	0.06	-2.26143e+08
0.5	0.08	-3.03478e+08
0.5	0.1	-3.82525e+08
0.5	0.12	-4.63761e+08
0.5	0.14	-5.4769e+08
0.5	0.16	-6.34845e+08
0.5	0.18	-7.25786e+08
0.5	0.2	-8.2108e+08
0.5	0.22	-9.21268e+08
0.5	0.24	-1.02681e+09
0.5	0.26	-1.13802e+09
0.5	0.28	-1.25489e+09
0.5	0.3	-1.37703e+09
0.5	0.32	-1.50345e+09
0.5	0.34	-1.63243e+09
0.5	0.36	-1.76142e+09
0.5	0.38	-1.88702e+09
0.5	0.4	-2.00507e+09
0.5	0.42	-2.11087e+09
0.5	0.44	-2.19962e+09
0.5	0.46	-2.26679e+09
0.5	0.48	-2.30871e+09
0.5	0.5	-2.32297e+09
0.5	0.52	-2.30871e+09
0.5	0.54	-2.26679e+09
0.5	0.56	-2.19962e+09
0.5	0.58	-2.11087e+09
0.5	0.6	-2.00507e+09
0.5	0.62	-1.88702e+09
0.5	0.64	-1.76142e+09
0.5	0.66	-1.63243e+09
0.5	0.68	-1.50345e+09
0.5	0.7	-1.37703e+09
0.5	0.72	-1.25489e+09
0.5	0.74	-1.13802e+09
0.5	0.76	-1.02681e+09
0.5	0.78	-9.21268e+08
0.5	0.8	-8.2108e+08
0.5	0.82	-7.25786e+08
0.5	0.84	-6.34845e+08
0.5	0.86	-5.4769e+08
0.5	0.88	-4.63761e+08
0.5	0.9	-3.82525e+08
0.5	0.92	-3.03478e+08
0.5	0.94	-2.26143e+08
0.5	0.96	-1.50071e+08
0.5	0.98	-7.48293e+07
0.5	1	0.5
0.52	0	0
0.52	0.02	-7.46229e+07
0.52	0.04	-1.49655e+08
0.52	0.06	-2.2551e+08
0.52	0.08	-3.02617e+08
0.52	0.1	-3.81422e+08
0.52	0.12	-4.62394e+08
0.52	0.14	-5.46033e+08
0.52	0.16	-6.32864e+08
0.52	0.18	-7.2344e+08
0.52	0.2	-8.18316e+08
0.52	0.22	-9.18024e+08
0.52	0.24	-1.02302e+09
0.52	0.26	-1.13358e+09
0.52	0.28	-1.24972e+09
0.52	0.3	-1.37103e+09
0.52	0.32	-1.49653e+09
0.52	0.34	-1.6245e+09
0.52	0.36	-1.75242e+09
0.52	0.38	-1.87693e+09
0.52	0.4	-1.99389e+09
0.52	0.42	-2.0987e+09
0.52	0.44	-2.18659e+09
0.52	0.46	-2.2531e+09
0.52	0.48	-2.2946e+09
0.52	0.5	-2.30871e+09
0.52	0.52	-2.2946e+09
0.52	0.54	-2.2531e+09
0.52	0.56	-2.18659e+09
0.52	0.58	-2.0987e+09
0.52	0.6	-1.99389e+09
0.52	0.62	-1.87693e+09
0.52	0.64	-1.75242e+09
0.52	0.66	-1.6245e+09
0.52	0.68	-1.49653e+09
0.52	0.7	-1.37103e+09
0.52	0.72	-1.24972e+09
0.52	0.74	-1.13358e+09
0.52	0.76	-1.02302e+09
0.52	0.78	-9.18024e+08
0.52	0.8	-8.18316e+08
0.52	0.82	-7.2344e+08
0.52	0.84	-6.32864e+08
0.52	0.86	-5.46033e+08
0.52	0.88	-4.62394e+08
0.52	0.9	-3.81422e+08
0.52	0.92	-3.02617e+08
0.52	0.94	-2.2551e+08
0.52	0.96	-1.49655e+08
0.52	0.98	-7.46229e+07
0.52	1	0.52
0.54	0	0
0.54	0.02	-7.40073e+07
0.54	0.04	-1.48413e+08
0.54	0.06	-2.23622e+08
0.54	0.08	-3.00051e+08
0.54	0.1	-3.78132e+08
0.54	0.12	-4.5832e+08
0.54	0.14	-5.41096e+08
0.54	0.16	-6.26967e+08
0.54	0.18	-7.16458e+08
0.54	0.2	-8.10098e+08
0.54	0.22	-9.08387e+08
0.54	0.24	-1.01174e+09
0.54	0.26	-1.12043e+09
0.54	0.28	-1.23441e+09
0.54	0.3	-1.35329e+09
0.54	0.32	-1.47606e+09
0.54	0.34	-1.60108e+09
0.54	0.36	-1.72586e+09
0.54	0.38	-1.84716e+09
0.54	0.4	-1.96098e+09
0.54	0.42	-2.06287e+09
0.54	0.44	-2.14825e+09
0.54	0.46	-2.21282e+09
0.54	0.48	-2.2531e+09
0.54	0.5	-2.26679e+09
0.54	0.52	-2.2531e+09
0.54	0.54	-2.21282e+09
0.54	0.56	-2.14825e+09
0.54	0.58	-2.06287e+09
0.54	0.6	-1.96098e+09
0.54	0.62	-1.84716e+09
0.54	0.64	-1.72586e+09
0.54	0.66	-1.60108e+09
0.54	0.68	-1.47606e+09
0.54	0.7	-1.35329e+09
0.54	0.72	-1.23441e+09
0.54	0.74	-1.12043e+09
0.54	0.76	-1.01174e+09
0.54	0.78	-9.08387e+08
0.54	0.8	-8.10098e+08
0.54	0.82	-7.16458e+08
0.54	0.84	-6.26967e+08
0.54	0.86	-5.41096e+08
0.54	0.88	-4.5832e+08
0.54	0.9	-3.78132e+08
0.54	0.92	-3.00051e+08
0.54	0.94	-2.23622e+08
0.54	0.96	-1.48413e+08
0.54	0.98	-7.40073e+07
0.54	1	0.54
0.56	0	0
0.56	0.02	-7.29924e+07
0.56	0.04	-1.46367e+08
0.56	0.06	-2.20512e+08
0.56	0.08	-2.95824e+08
0.56	0.1	-3.72716e+08
0.56	0.12	-4.51619e+08
0.56	0.14	-5.32985e+08
0.56	0.16	-6.17287e+08
0.56	0.18	-7.05013e+08
0.56	0.2	-7.96646e+08
0.56	0.22	-8.92639e+08
0.56	0.24	-9.93357e+08
0.56	0.26	-1.09901e+09
0.56	0.28	-1.20954e+09
0.56	0.3	-1.32451e+09
0.56	0.32	-1.44295e+09
0.56	0.34	-1.56324e+09
0.56	0.36	-1.68304e+09
0.56	0.38	-1.79924e+09
0.56	0.4	-1.90807e+09
0.56	0.42	-2.00534e+09
0.56	0.44	-2.08674e+09
0.56	0.46	-2.14825e+09
0.56	0.48	-2.18659e+09
0.56	0.5	-2.19962e+09
0.56	0.52	-2.18659e+09
0.56	0.54	-2.14825e+09
0.56	0.56	-2.08674e+09
0.56	0.58	-2.00534e+09
0.56	0.6	-1.90807e+09
0.56	0.62	-1.79924e+09
0.56	0.64	-1.68304e+09
0.56	0.66	-1.56324e+09
0.56	0.68	-1.44295e+09
0.56	0.7	-1.32451e+09
0.56	0.72	-1.20954e+09
0.56	0.74	-1.09901e+09
0.56	0.76	-9.93357e+08
0.56	0.78	-8.92639e+08
0.56	0.8	-7.96646e+08
0.56	0.82	-7.05013e+08
0.56	0.84	-6.17287e+08
0.56	0.86	-5.32985e+08
0.56	0.88	-4.51619e+08
0.56	0.9	-3.72716e+08
0.56	0.92	-2.95824e+08
0.56	0.94	-2.20512e+08
0.56	0.96	-1.46367e+08
0.56	0.98	-7.29924e+07
0.56	1	0.56
0.58	0	0
0.58	0.02	-7.15946e+07
0.58	0.04	-1.4355e+08
0.58	0.06	-2.16231e+08
0.58	0.08	-2.90011e+08
0.58	0.1	-3.65274e+08
0.58	0.12	-4.4242e+08
0.58	0.14	-5.21865e+08
0.58	0.16	-6.04037e+08
0.58	0.18	-6.89375e+08
0.58	0.2	-7.78306e+08
0.58	0.22	-8.71219e+08
0.58	0.24	-9.68415e+08
0.58	0.26	-1.07004e+09
0.58	0.28	-1.176e+09
0.58	0.3	-1.28582e+09
0.58	0.32	-1.39856e+09
0.58	0.34	-1.51267e+09
0.58	0.36	-1.62594e+09
0.58	0.38	-1.73549e+09
0.58	0.4	-1.83784e+09
0.58	0.42	-1.92911e+09
0.58	0.44	-2.00534e+09
0.58	0.46	-2.06287e+09
0.58	0.48	-2.0987e+09
0.58	0.5	-2.11087e+09
0.58	0.52	-2.0987e+09
0.58	0.54	-2.06287e+09
0.58	0.56	-2.00534e+09
0.58	0.58	-1.92911e+09
0.58	0.6	-1.83784e+09
0.58	0.62	-1.73549e+09
0.58	0.64	-1.62594e+09
0.58	0.66	-1.51267e+09
0.58	0.68	-1.39856e+09
0.58	0.7	-1.28582e+09
0.58	0.72	-1.176e+09
0.58	0.74	-1.07004e+09
0.58	0.76	-9.68415e+08
0.58	0.78	-8.71219e+08
0.58	0.8	-7.78306e+08
0.58	0.82	-6.89375e+08
0.58	0.84	-6.04037e+08
0.58	0.86	-5.21865e+08
0.58	0.88	-4.4242e+08
0.58	0.9	-3.65274e+08
0.58	0.92	-2.90011e+08
0.58	0.94	-2.16231e+08
0.58	0.96	-1.4355e+08
0.58	0.98	-7.15946e+07
0.58	1	0.58
0.6	0	0
0.6	0.02	-6.98357e+07
0.6	0.04	-1.40006e+08
0.6	0.06	-2.10849e+08
0.6	0.08	-2.82708e+08
0.6	0.1	-3.55935e+08
0.6	0.12	-4.30892e+08
0.6	0.14	-5.07952e+08
0.6	0.16	-5.87494e+08
0.6	0.18	-6.69898e+08
0.6	0.2	-7.55525e+08
0.6	0.22	-8.44693e+08
0.6	0.24	-9.37632e+08
0.6	0.26	-1.03442e+09
0.6	0.28	-1.13491e+09
0.6	0.3	-1.23861e+09
0.6	0.32	-1.34459e+09
0.6	0.34	-1.45142e+09
0.6	0.36	-1.55703e+09
0.6	0.38	-1.6588e+09
0.6	0.4	-1.75356e+09
0.6	0.42	-1.83784e+09
0.6	0.44	-1.90807e+09
0.6	0.46	-1.96098e+09
0.6	0.48	-1.99389e+09
0.6	0.5	-2.00507e+09
0.6	0.52	-1.99389e+09
0.6	0.54	-1.96098e+09
0.6	0.56	-1.90807e+09
0.6	0.58	-1.83784e+09
0.6	0.6	-1.75356e+09
0.6	0.62	-1.6588e+09
0.6	0.64	-1.55703e+09
0.6	0.66	-1.45142e+09
0.6	0.68	-1.34459e+09
0.6	0.7	-1.23861e+09
0.6	0.72	-1.13491e+09
0.6	0.74	-1.03442e+09
0.6	0.76	-9.37632e+08
0.6	0.78	-8.44693e+08
0.6	0.8	-7.55525e+08
0.6	0.82	-6.69898e+08
0.6	0.84	-5.87494e+08
0.6	0.86	-5.07952e+08
0.6	0.88	-4.30892e+08
0.6	0.9	-3.55935e+08
0.6	0.92	-2.82708e+08
0.6	0.94	-2.10849e+08
0.6	0.96	-1.40006e+08
0.6	0.98	-6.98357e+07
0.6	1	0.6
0.62	0	0
0.62	0.02	-6.77418e+07
0.62	0.04	-1.35789e+08
0.62	0.06	-2.04449e+08
0.62	0.08	-2.74032e+08
0.62	0.1	-3.44854e+08
0.62	0.12	-4.17236e+08
0.62	0.14	-4.91504e+08
0.62	0.16	-5.67983e+08
0.62	0.18	-6.4699e+08
0.62	0.2	-7.28818e+08
0.62	0.22	-8.1371e+08
0.62	0.24	-9.01821e+08
0.62	0.26	-9.93162e+08
0.62	0.28	-1.08753e+09
0.62	0.3	-1.18442e+09
0.62	0.32	-1.28295e+09
0.62	0.34	-1.38176e+09
0.62	0.36	-1.47899e+09
0.62	0.38	-1.57227e+09
0.62	0.4	-1.6588e+09
0.62	0.42	-1.73549e+09
0.62	0.44	-1.79924e+09
0.62	0.46	-1.84716e+09
0.62	0.48	-1.87693e+09
0.62	0.5	-1.88702e+09
0.62	0.52	-1.87693e+09
0.62	0.54	-1.84716e+09
0.62	0.56	-1.79924e+09
0.62	0.58	-1.73549e+09
0.62	0.6	-1.6588e+09
0.62	0.62	-1.57227e+09
0.62	0.64	-1.47899e+09
0.62	0.66	-1.38176e+09
0.62	0.68	-1.28295e+09
0.62	0.7	-1.18442e+09
0.62	0.72	-1.08753e+09
0.62	0.74	-9.93162e+08
0.62	0.76	-9.01821e+08
0.62	0.78	-8.1371e+08
0.62	0.8	-7.28818e+08
0.62	0.82	-6.4699e+08
0.62	0.84	-5.67983e+08
0.62	0.86	-4.91504e+08
0.62	0.88	-4.17236e+08
0.62	0.9	-3.44854e+08
0.62	0.92	-2.74032e+08
0.62	0.94	-2.04449e+08
0.62	0.96	-1.35789e+08
0.62	0.98	-6.77418e+07
0.62	1	0.62
0.64	0	0
0.64	0.02	-6.53423e+07
0.64	0.04	-1.30958e+08
0.64	0.06	-1.97123e+08
0.64	0.08	-2.64112e+08
0.64	0.1	-3.32203e+08
0.64	0.12	-4.01675e+08
0.64	0.14	-4.72803e+08
0.64	0.16	-5.45858e+08
0.64	0.18	-6.21096e+08
0.64	0.2	-6.98738e+08
0.64	0.22	-7.78958e+08
0.64	0.24	-8.61835e+08
0.64	0.26	-9.47319e+08
0.64	0.28	-1.03516e+09
0.64	0.3	-1.12485e+09
0.64	0.32	-1.21553e+09
0.64	0.34	-1.30597e+09
0.64	0.36	-1.39449e+09
0.64	0.38	-1.47899e+09
0.64	0.4	-1.55703e+09
0.64	0.42	-1.62594e+09
0.64	0.44	-1.68304e+09
0.64	0.46	-1.72586e+09
0.64	0.48	-1.75242e+09
0.64	0.5	-1.76142e+09
0.64	0.52	-1.75242e+09
0.64	0.54	-1.72586e+09
0.64	0.56	-1.68304e+09
0.64	0.58	-1.62594e+09
0.64	0.6	-1.55703e+09
0.64	0.62	-1.47899e+09
0.64	0.64	-1.39449e+09
0.64	0.66	-1.30597e+09
0.64	0.68	-1.21553e+09
0.64	0.7	-1.12485e+09
0.64	0.72	-1.03516e+09
0.64	0.74	-9.47319e+08
0.64	0.76	-8.61835e+08
0.64	0.78	-7.78958e+08
0.64	0.8	-6.98738e+08
0.64	0.82	-6.21096e+08
0.64	0.84	-5.45858e+08
0.64	0.86	-4.72803e+08
0.64	0.88	-4.01675e+08
0.64	0.9	-3.32203e+08
0.64	0.92	-2.64112e+08
0.64	0.94	-1.97123e+08
0.64	0.96	-1.30958e+08
0.64	0.98	-6.53423e+07
0.64	1	0.64
0.66	0	0
0.66	0.02	-6.26688e+07
0.66	0.04	-1.25579e+08
0.66	0.06	-1.88972e+08
0.66	0.08	-2.53088e+08
0.66	0.1	-3.18166e+08
0.66	0.12	-3.84441e+08
0.66	0.14	-4.52142e+08
0.66	0.16	-5.21486e+08
0.66	0.18	-5.92667e+08
0.66	0.2	-6.65845e+08
0.66	0.22	-7.41122e+08
0.66	0.24	-8.18516e+08
0.66	0.26	-8.97916e+08
0.66	0.28	-9.7904e+08
0.66	0.3	-1.06137e+09
0.66	0.32	-1.14412e+09
0.66	0.34	-1.22615e+09
0.66	0.36	-1.30597e+09
0.66	0.38	-1.38176e+09
0.66	0.4	-1.45142e+09
0.66	0.42	-1.51267e+09
0.66	0.44	-1.56324e+09
0.66	0.46	-1.60108e+09
0.66	0.48	-1.6245e+09
0.66	0.5	-1.63243e+09
0.66	0.52	-1.6245e+09
0.66	0.54	-1.60108e+09
0.66	0.56	-1.56324e+09
0.66	0.58	-1.51267e+09
0.66	0.6	-1.45142e+09
0.66	0.62	-1.38176e+09
0.66	0.64	-1.30597e+09
0.66	0.66	-1.22615e+09
0.66	0.68	-1.14412e+09
0.66	0.7	-1.06137e+09
0.66	0.72	-9.7904e+08
0.66	0.74	-8.97916e+08
0.66	0.76	-8.18516e+08
0.66	0.78	-7.41122e+08
0.66	0.8	-6.65845e+08
0.66	0.82	-5.92667e+08
0.66	0.84	-5.21486e+08
0.66	0.86	-4.52142e+08
0.66	0.88	-3.84441e+08
0.66	0.9	-3.18166e+08
0.66	0.92	-2.53088e+08
0.66	0.94	-1.88972e+08
0.66	0.96	-1.25579e+08
0.66	0.98	-6.26688e+07
0.66	1	0.66
0.68	0	0
0.68	0.02	-5.97537e+07
0.68	0.04	-1.19716e+08
0.68	0.06	-1.80096e+08
0.68	0.08	-2.41099e+08
0.68	0.1	-3.02925e+08
0.68	0.12	-3.65769e+08
0.68	0.14	-4.29814e+08
0.68	0.16	-4.95227e+08
0.68	0.18	-5.62147e+08
0.68	0.2	-6.30676e+08
0.68	0.22	-7.00856e+08
0.68	0.24	-7.72649e+08
0.68	0.26	-8.45901e+08
0.68	0.28	-9.20302e+08
0.68	0.3	-9.95347e+08
0.68	0.32	-1.07029e+09
0.68	0.34	-1.14412e+09
0.68	0.36	-1.21553e+09
0.68	0.38	-1.28295e+09
0.68	0.4	-1.34459e+09
0.68	0.42	-1.39856e+09
0.68	0.44	-1.44295e+09
0.68	0.46	-1.47606e+09
0.68	0.48	-1.49653e+09
0.68	0.5	-1.50345e+09
0.68	0.52	-1.49653e+09
0.68	0.54	-1.47606e+09
0.68	0.56	-1.44295e+09
0.68	0.58	-1.39856e+09
0.68	0.6	-1.34459e+09
0.68	0.62	-1.28295e+09
0.68	0.64	-1.21553e+09
0.68	0.66	-1.14412e+09
0.68	0.68	-1.07029e+09
0.68	0.7	-9.95347e+08
0.68	0.72	-9.20302e+08
0.68	0.74	-8.45901e+08
0.68	0.76	-7.72649e+08
0.68	0.78	-7.00856e+08
0.68	0.8	-6.30676e+08
0.68	0.82	-5.62147e+08
0.68	0.84	-4.95227e+08
0.68	0.86	-4.29814e+08
0.68	0.88	-3.65769e+08
0.68	0.9	-3.02925e+08
0.68	0.92	-2.41099e+08
0.68	0.94	-1.80096e+08
0.68	0.96	-1.19716e+08
0.68	0.98	-5.97537e+07
0.68	1	0.68
0.7	0	0
0.7	0.02	-5.66294e+07
0.7	0.04	-1.13437e+08
0.7	0.06	-1.70597e+08
0.7	0.08	-2.28284e+08
0.7	0.1	-2.86662e+08
0.7	0.12	-3.45888e+08
0.7	0.14	-4.06102e+08
0.7	0.16	-4.67426e+08
0.7	0.18	-5.29951e+08
0.7	0.2	-5.93729e+08
0.7	0.22	-6.58754e+08
0.7	0.24	-7.24941e+08
0.7	0.26	-7.92102e+08
0.7	0.28	-8.59915e+08
0.7	0.3	-9.27892e+08
0.7	0.32	-9.95347e+08
0.7	0.34	-1.06137e+09
0.7	0.36	-1.12485e+09
0.7	0.38	-1.18442e+09
0.7	0.4	-1.23861e+09
0.7	0.42	-1.28582e+09
0.7	0.44	-1.32451e+09
0.7	0.46	-1.35329e+09
0.7	0.48	-1.37103e+09
0.7	0.5	-1.37703e+09
0.7	0.52	-1.37103e+09
0.7	0.54	-1.35329e+09
0.7	0.56	-1.32451e+09
0.7	0.58	-1.28582e+09
0.7	0.6	-1.23861e+09
0.7	0.62	-1.18442e+09
0.7	0.64	-1.12485e+09
0.7	0.66	-1.06137e+09
0.7	0.68	-9.95347e+08
0.7	0.7	-9.27892e+08
0.7	0.72	-8.59915e+08
0.7	0.74	-7.92102e+08
0.7	0.76	-7.24941e+08
0.7	0.78	-6.58754e+08
0.7	0.8	-5.93729e+08
0.7	0.82	-5.29951e+08
0.7	0.84	-4.67426e+08
0.7	0.86	-4.06102e+08
0.7	0.88	-3.45888e+08
0.7	0.9	-2.86662e+08
0.7	0.92	-2.28284e+08
0.7	0.94	-1.70597e+08
0.7	0.96	-1.13437e+08
0.7	0.98	-5.66294e+07
0.7	1	0.7
0.72	0	0
0.72	0.02	-5.33272e+07
0.72	0.04	-1.06803e+08
0.72	0.06	-1.60572e+08
0.72	0.08	-2.14777e+08
0.72	0.1	-2.6955e+08
0.72	0.12	-3.25012e+08
0.72	0.14	-3.81268e+08
0.72	0.16	-4.38399e+08
0.72	0.18	-4.96457e+08
0.72	0.2	-5.55451e+08
0.72	0.22	-6.15336e+08
0.72	0.24	-6.75995e+08
0.72	0.26	-7.37217e+08
0.72	0.28	-7.98679e+08
0.72	0.3	-8.59915e+08
0.72	0.32	-9.20302e+08
0.72	0.34	-9.7904e+08
0.72	0.36	-1.03516e+09
0.72	0.38	-1.08753e+09
0.72	0.4	-1.13491e+09
0.72	0.42	-1.176e+09
0.72	0.44	-1.20954e+09
0.72	0.46	-1.23441e+09
0.72	0.48	-1.24972e+09
0.72	0.5	-1.25489e+09
0.72	0.52	-1.24972e+09
0.72	0.54	-1.23441e+09
0.72	0.56	-1.20954e+09
0.72	0.58	-1.176e+09
0.72	0.6	-1.13491e+09
0.72	0.62	-1.08753e+09
0.72	0.64	-1.03516e+09
0.72	0.66	-9.7904e+08
0.72	0.68	-9.20302e+08
0.72	0.7	-8.59915e+08
0.72	0.72	-7.98679e+08
0.72	0.74	-7.37217e+08
0.72	0.76	-6.75995e+08
0.72	0.78	-6.15336e+08
0.72	0.8	-5.55451e+08
0.72	0.82	-4.96457e+08
0.72	0.84	-4.38399e+08
0.72	0.86	-3.81268e+08
0.72	0.88	-3.25012e+08
0.72	0.9	-2.6955e+08
0.72	0.92	-2.14777e+08
0.72	0.94	-1.60572e+08
0.72	0.96	-1.06803e+08
0.72	0.98	-5.33272e+07
0.72	1	0.72
0.74	0	0
0.74	0.02	-4.98766e+07
0.74	0.04	-9.98744e+07
0.74	0.06	-1.50112e+08
0.74	0.08	-2.00702e+08
0.74	0.1	-2.51747e+08
0.74	0.12	-3.03339e+08
0.74	0.14	-3.55551e+08
0.74	0.16	-4.0843e+08
0.74	0.18	-4.61996e+08
0.74	0.2	-5.16225e+08
0.74	0.22	-5.71044e+08
0.74	0.24	-6.26312e+08
0.74	0.26	-6.8181e+08
0.74	0.28	-7.37217e+08
0.74	0.3	-7.92102e+08
0.74	0.32	-8.45901e+08
0.74	0.34	-8.97916e+08
0.74	0.36	-9.47319e+08
0.74	0.38	-9.93162e+08
0.74	0.4	-1.03442e+09
0.74	0.42	-1.07004e+09
0.74	0.44	-1.09901e+09
0.74	0.46	-1.12043e+09
0.74	0.48	-1.13358e+09
0.74	0.5	-1.13802e+09
0.74	0.52	-1.13358e+09
0.74	0.54	-1.12043e+09
0.74	0.56	-1.09901e+09
0.74	0.58	-1.07004e+09
0.74	0.6	-1.03442e+09
0.74	0.62	-9.93162e+08
0.74	0.64	-9.47319e+08
0.74	0.66	-8.97916e+08
0.74	0.68	-8.45901e+08
0.74	0.7	-7.92102e+08
0.74	0.72	-7.37217e+08
0.74	0.74	-6.8181e+08
0.74	0.76	-6.26312e+08
0.74	0.78	-5.71044e+08
0.74	0.8	-5.16225e+08
0.74	0.82	-4.61996e+08
0.74	0.84	-4.0843e+08
0.74	0.86	-3.55551e+08
0.74	0.88	-3.03339e+08
0.74	0.9	-2.51747e+08
0.74	0.92	-2.00702e+08
0.74	0.94	-1.50112e+08
0.74	0.96	-9.98744e+07
0.74	0.98	-4.98766e+07
0.74	1	0.74
0.76	0	0
0.76	0.02	-4.63048e+07
0.76	0.04	-9.27065e+07
0.76	0.06	-1.39299e+08
0.76	0.08	-1.8617e+08
0.76	0.1	-2.33397e+08
0.76	0.12	-2.81045e+08
0.76	0.14	-3.2916e+08
0.76	0.16	-3.77765e+08
0.76	0.18	-4.26852e+08
0.76	0.2	-4.76374e+08
0.76	0.22	-5.26238e+08
0.76	0.24	-5.76292e+08
0.76	0.26	-6.26312e+08
0.76	0.28	-6.75995e+08
0.76	0.3	-7.24941e+08
0.76	0.32	-7.72649e+08
0.76	0.34	-8.18516e+08
0.76	0.36	-8.61835e+08
0.76	0.38	-9.01821e+08
0.76	0.4	-9.37632e+08
0.76	0.42	-9.68415e+08
0.76	0.44	-9.93357e+08
0.76	0.46	-1.01174e+09
0.76	0.48	-1.02302e+09
0.76	0.5	-1.02681e+09
0.76	0.52	-1.02302e+09
0.76	0.54	-1.01174e+09
0.76	0.56	-9.93357e+08
0.76	0.58	-9.68415e+08
0.76	0.6	-9.37632e+08
0.76	0.62	-9.01821e+08
0.76	0.64	-8.61835e+08
0.76	0.66	-8.18516e+08
0.76	0.68	-7.72649e+08
0.76	0.7	-7.24941e+08
0.76	0.72	-6.75995e+08
0.76	0.74	-6.26312e+08
0.76	0.76	-5.76292e+08
0.76	0.78	-5.26238e+08
0.76	0.8	-4.76374e+08
0.76	0.82	-4.26852e+08
0.76	0.84	-3.77765e+08
0.76	0.86	-3.2916e+08
0.76	0.88	-2.81045e+08
0.76	0.9	-2.33397e+08
0.76	0.92	-1.8617e+08
0.76	0.94	-1.39299e+08
0.76	0.96	-9.27065e+07
0.76	0.98	-4.63048e+07
0.76	1	0.76
0.78	0	0
0.78	0.02	-4.26362e+07
0.78	0.04	-8.53478e+07
0.78	0.06	-1.28207e+08
0.78	0.08	-1.71281e+08
0.78	0.1	-2.14625e+08
0.78	0.12	-2.58282e+08
0.78	0.14	-3.02277e+08
0.78	0.16	-3.46612e+08
0.78	0.18	-3.91261e+08
0.78	0.2	-4.3616e+08
0.78	0.22	-4.81205e+08
0.78	0.24	-5.26238e+08
0.78	0.26	-5.71044e+08
0.78	0.28	-6.15336e+08
0.78	0.3	-6.58754e+08
0.78	0.32	-7.00856e+08
0.78	0.34	-7.41122e+08
0.78	0.36	-7.78958e+08
0.78	0.38	-8.1371e+08
0.78	0.4	-8.44693e+08
0.78	0.42	-8.71219e+08
0.78	0.44	-8.92639e+08
0.78	0.46	-9.08387e+08
0.78	0.48	-9.18024e+08
0.78	0.5	-9.21268e+08
0.78	0.52	-9.18024e+08
0.78	0.54	-9.08387e+08
0.78	0.56	-8.92639e+08
0.78	0.58	-8.71219e+08
0.78	0.6	-8.44693e+08
0.78	0.62	-8.1371e+08
0.78	0.64	-7.78958e+08
0.78	0.66	-7.41122e+08
0.78	0.68	-7.00856e+08
0.78	0.7	-6.58754e+08
0.78	0.72	-6.15336e+08
0.78	0.74	-5.71044e+08
0.78	0.76	-5.26238e+08
0.78	0.78	-4.81205e+08
0.78	0.8	-4.3616e+08
0.78	0.82	-3.91261e+08
0.78	0.84	-3.46612e+08
0.78	0.86	-3.02277e+08
0.78	0.88	-2.58282e+08
0.78	0.9	-2.14625e+08
0.78	0.92	-1.71281e+08
0.78	0.94	-1.28207e+08
0.78	0.96	-8.53478e+07
0.78	0.98	-4.26362e+07
0.78	1	0.78
0.8	0	0
0.8	0.02	-3.8892e+07
0.8	0.04	-7.78412e+07
0.8	0.06	-1.16902e+08
0.8	0.08	-1.56121e+08
0.8	0.1	-1.95539e+08
0.8	0.12	-2.3518e+08
0.8	0.14	-2.75052e+08
0.8	0.16	-3.15143e+08
0.8	0.18	-3.55412e+08
0.8	0.2	-3.95788e+08
0.8	0.22	-4.3616e+08
0.8	0.24	-4.76374e+08
0.8	0.26	-5.16225e+08
0.8	0.28	-5.55451e+08
0.8	0.3	-5.93729e+08
0.8	0.32	-6.30676e+08
0.8	0.34	-6.65845e+08
0.8	0.36	-6.98738e+08
0.8	0.38	-7.28818e+08
0.8	0.4	-7.55525e+08
0.8	0.42	-7.78306e+08
0.8	0.44	-7.96646e+08
0.8	0.46	-8.10098e+08
0.8	0.48	-8.18316e+08
0.8	0.5	-8.2108e+08
0.8	0.52	-8.18316e+08
0.8	0.54	-8.10098e+08
0.8	0.56	-7.96646e+08
0.8	0.58	-7.78306e+08
0.8	0.6	-7.55525e+08
0.8	0.62	-7.28818e+08
0.8	0.64	-6.98738e+08
0.8	0.66	-6.65845e+08
0.8	0.68	-6.30676e+08
0.8	0.7	-5.93729e+08
0.8	0.72	-5.55451e+08
0.8	0.74	-5.16225e+08
0.8	0.76	-4.76374e+08
0.8	0.78	-4.3616e+08
0.8	0.8	-3.95788e+08
0.8	0.82	-3.55412e+08
0.8	0.84	-3.15143e+08
0.8	0.86	-2.75052e+08
0.8	0.88	-2.3518e+08
0.8	0.9	-1.95539e+08
0.8	0.92	-1.56121e+08
0.8	0.94	-1.16902e+08
0.8	0.96	-7.78412e+07
0.8	0.98	-3.8892e+07
0.8	1	0.8
0.82	0	0
0.82	0.02	-3.50907e+07
0.82	0.04	-7.02233e+07
0.82	0.06	-1.05437e+08
0.82	0.08	-1.40764e+08
0.82	0.1	-1.7623e+08
0.82	0.12	-2.11846e+08
0.82	0.14	-2.47608e+08
0.82	0.16	-2.83493e+08
0.82	0.18	-3.19453e+08
0.82	0.2	-3.55412e+08
0.82	0.22	-3.91261e+08
0.82	0.24	-4.26852e+08
0.82	0.26	-4.61996e+08
0.82	0.28	-4.96457e+08
0.82	0.3	-5.29951e+08
0.82	0.32	-5.62147e+08
0.82	0.34	-5.92667e+08
0.82	0.36	-6.21096e+08
0.82	0.38	-6.4699e+08
0.82	0.4	-6.69898e+08
0.82	0.42	-6.89375e+08
0.82	0.44	-7.05013e+08
0.82	0.46	-7.16458e+08
0.82	0.48	-7.2344e+08
0.82	0.5	-7.25786e+08
0.82	0.52	-7.2344e+08
0.82	0.54	-7.16458e+08
0.82	0.56	-7.05013e+08
0.82	0.58	-6.89375e+08
0.82	0.6	-6.69898e+08
0.82	0.62	-6.4699e+08
0.82	0.64	-6.21096e+08
0.82	0.66	-5.92667e+08
0.82	0.68	-5.62147e+08
0.82	0.7	-5.29951e+08
0.82	0.72	-4.96457e+08
0.82	0.74	-4.61996e+08
0.82	0.76	-4.26852e+08
0.82	0.78	-3.91261e+08
0.82	0.8	-3.55412e+08
0.82	0.82	-3.19453e+08
0.82	0.84	-2.83493e+08
0.82	0.86	-2.47608e+08
0.82	0.88	-2.11846e+08
0.82	0.9	-1.7623e+08
0.82	0.92	-1.40764e+08
0.82	0.94	-1.05437e+08
0.82	0.96	-7.02233e+07
0.82	0.98	-3.50907e+07
0.82	1	0.82
0.84	0	0
0.84	0.02	-3.12475e+07
0.84	0.04	-6.25245e+07
0.84	0.06	-9.38578e+07
0.84	0.08	-1.25269e+08
0.84	0.1	-1.56771e+08
0.84	0.12	-1.88365e+08
0.84	0.14	-2.20041e+08
0.84	0.16	-2.51767e+08
0.84	0.18	-2.83493e+08
0.84	0.2	-3.15143e+08
0.84	0.22	-3.46612e+08
0.84	0.24	-3.77765e+08
0.84	0.26	-4.0843e+08
0.84	0.28	-4.38399e+08
0.84	0.3	-4.67426e+08
0.84	0.32	-4.95227e+08
0.84	0.34	-5.21486e+08
0.84	0.36	-5.45858e+08
0.84	0.38	-5.67983e+08
0.84	0.4	-5.87494e+08
0.84	0.42	-6.04037e+08
0.84	0.44	-6.17287e+08
0.84	0.46	-6.26967e+08
0.84	0.48	-6.32864e+08
0.84	0.5	-6.34845e+08
0.84	0.52	-6.32864e+08
0.84	0.54	-6.26967e+08
0.84	0.56	-6.17287e+08
0.84	0.58	-6.04037e+08
0.84	0.6	-5.87494e+08
0.84	0.62	-5.67983e+08
0.84	0.64	-5.45858e+08
0.84	0.66	-5.21486e+08
0.84	0.68	-4.95227e+08
0.84	0.7	-4.67426e+08
0.84	0.72	-4.38399e+08
0.84	0.74	-4.0843e+08
0.84	0.76	-3.77765e+08
0.84	0.78	-3.46612e+08
0.84	0.8	-3.15143e+08
0.84	0.82	-2.83493e+08
0.84	0.84	-2.51767e+08
0.84	0.86	-2.20041e+08
0.84	0.88	-1.88365e+08
0.84	0.9	-1.56771e+08
0.84	0.92	-1.25269e+08
0.84	0.94	-9.38578e+07
0.84	0.96	-6.25245e+07
0.84	0.98	-3.12475e+07
0.84	1	0.84
0.86	0	0
0.86	0.02	-2.73749e+07
0.86	0.04	-5.47695e+07
0.86	0.06	-8.22011e+07
0.86	0.08	-1.09682e+08
0.86	0.1	-1.37218e+08
0.86	0.12	-1.64804e+08
0.86	0.14	-1.92422e+08
0.86	0.16	-2.20041e+08
0.86	0.18	-2.47608e+08
0.86	0.2	-2.75052e+08
0.86	0.22	-3.02277e+08
0.86	0.24	-3.2916e+08
0.86	0.26	-3.55551e+08
0.86	0.28	-3.81268e+08
0.86	0.3	-4.06102e+08
0.86	0.32	-4.29814e+08
0.86	0.34	-4.52142e+08
0.86	0.36	-4.72803e+08
0.86	0.38	-4.91504e+08
0.86	0.4	-5.07952e+08
0.86	0.42	-5.21865e+08
0.86	0.44	-5.32985e+08
0.86	0.46	-5.41096e+08
0.86	0.48	-5.46033e+08
0.86	0.5	-5.4769e+08
0.86	0.52	-5.46033e+08
0.86	0.54	-5.41096e+08
0.86	0.56	-5.32985e+08
0.86	0.58	-5.21865e+08
0.86	0.6	-5.07952e+08
0.86	0.62	-4.91504e+08
0.86	0.64	-4.72803e+08
0.86	0.66	-4.52142e+08
0.86	0.68	-4.29814e+08
0.86	0.7	-4.06102e+08
0.86	0.72	-3.81268e+08
0.86	0.74	-3.55551e+08
0.86	0.76	-3.2916e+08
0.86	0.78	-3.02277e+08
0.86	0.8	-2.75052e+08
0.86	0.82	-2.47608e+08
0.86	0.84	-2.20041e+08
0.86	0.86	-1.92422e+08
0.86	0.88	-1.64804e+08
0.86	0.9	-1.37218e+08
0.86	0.92	-1.09682e+08
0.86	0.94	-8.22011e+07
0.86	0.96	-5.47695e+07
0.86	0.98	-2.73749e+07
0.86	1	0.86
0.88	0	0
0.88	0.02	-2.34825e+07
0.88	0.04	-4.69774e+07
0.88	0.06	-7.04949e+07
0.88	0.08	-9.4041e+07
0.88	0.1	-1.17616e+08
0.88	0.12	-1.4121e+08
0.88	0.14	-1.64804e+08
0.88	0.16	-1.88365e+08
0.88	0.18	-2.11846e+08
0.88	0.2	-2.3518e+08
0.88	0.22	-2.58282e+08
0.88	0.24	-2.81045e+08
0.88	0.26	-3.03339e+08
0.88	0.28	-3.25012e+08
0.88	0.3	-3.45888e+08
0.88	0.32	-3.65769e+08
0.88	0.34	-3.84441e+08
0.88	0.36	-4.01675e+08
0.88	0.38	-4.17236e+08
0.88	0.4	-4.30892e+08
0.88	0.42	-4.4242e+08
0.88	0.44	-4.51619e+08
0.88	0.46	-4.5832e+08
0.88	0.48	-4.62394e+08
0.88	0.5	-4.63761e+08
0.88	0.52	-4.62394e+08
0.88	0.54	-4.5832e+08
0.88	0.56	-4.51619e+08
0.88	0.58	-4.4242e+08
0.88	0.6	-4.30892e+08
0.88	0.62	-4.17236e+08
0.88	0.64	-4.01675e+08
0.88	0.66	-3.84441e+08
0.88	0.68	-3.65769e+08
0.88	0.7	-3.45888e+08
0.88	0.72	-3.25012e+08
0.88	0.74	-3.03339e+08
0.88	0.76	-2.81045e+08
0.88	0.78	-2.58282e+08
0.88	0.8	-2.3518e+08
0.88	0.82	-2.11846e+08
0.88	0.84	-1.88365e+08
0.88	0.86	-1.64804e+08
0.88	0.88	-1.4121e+08
0.88	0.9	-1.17616e+08
0.88	0.92	-9.4041e+07
0.88	0.94	-7.04949e+07
0.88	0.96	-4.69774e+07
0.88	0.98	-2.34825e+07
0.88	1	0.88
0.9	0	0
0.9	0.02	-1.95778e+07
0.9	0.04	-3.91627e+07
0.9	0.06	-5.876e+07
0.9	0.08	-7.83715e+07
0.9	0.1	-9.79935e+07
0.9	0.12	-1.17616e+08
0.9	0.14	-1.37218e+08
0.9	0.16	-1.56771e+08
0.9	0.18	-1.7623e+08
0.9	0.2	-1.95539e+08
0.9	0.22	-2.14625e+08
0.9	0.24	-2.33397e+08
0.9	0.26	-2.51747e+08
0.9	0.28	-2.6955e+08
0.9	0.3	-2.86662e+08
0.9	0.32	-3.02925e+08
0.9	0.34	-3.18166e+08
0.9	0.36	-3.32203e+08
0.9	0.38	-3.44854e+08
0.9	0.4	-3.55935e+08
0.9	0.42	-3.65274e+08
0.9	0.44	-3.72716e+08
0.9	0.46	-3.78132e+08
0.9	0.48	-3.81422e+08
0.9	0.5	-3.82525e+08
0.9	0.52	-3.81422e+08
0.9	0.54	-3.78132e+08
0.9	0.56	-3.72716e+08
0.9	0.58	-3.65274e+08
0.9	0.6	-3.55935e+08
0.9	0.62	-3.44854e+08
0.9	0.64	-3.32203e+08
0.9	0.66	-3.18166e+08
0.9	0.68	-3.02925e+08
0.9	0.7	-2.86662e+08
0.9	0.72	-2.6955e+08
0.9	0.74	-2.51747e+08
0.9	0.76	-2.33397e+08
0.9	0.78	-2.14625e+08
0.9	0.8	-1.95539e+08
0.9	0.82	-1.7623e+08
0.9	0.84	-1.56771e+08
0.9	0.86	-1.37218e+08
0.9	0.88	-1.17616e+08
0.9	0.9	-9.79935e+07
0.9	0.92	-7.83715e+07
0.9	0.94	-5.876e+07
0.9	0.96	-3.91627e+07
0.9	0.98	-1.95778e+07
0.9	1	0.9
0.92	0	0
0.92	0.02	-1.56661e+07
0.92	0.04	-3.13357e+07
0.92	0.06	-4.7011e+07
0.92	0.08	-6.26912e+07
0.92	0.1	-7.83715e+07
0.92	0.12	-9.4041e+07
0.92	0.14	-1.09682e+08
0.92	0.16	-1.25269e+08
0.92	0.18	-1.40764e+08
0.92	0.2	-1.56121e+08
0.92	0.22	-1.71281e+08
0.92	0.24	-1.8617e+08
0.92	0.26	-2.00702e+08
0.92	0.28	-2.14777e+08
0.92	0.3	-2.28284e+08
0.92	0.32	-2.41099e+08
0.92	0.34	-2.53088e+08
0.92	0.36	-2.64112e+08
0.92	0.38	-2.74032e+08
0.92	0.4	-2.82708e+08
0.92	0.42	-2.90011e+08
0.92	0.44	-2.95824e+08
0.92	0.46	-3.00051e+08
0.92	0.48	-3.02617e+08
0.92	0.5	-3.03478e+08
0.92	0.52	-3.02617e+08
0.92	0.54	-3.00051e+08
0.92	0.56	-2.95824e+08
0.92	0.58	-2.90011e+08
0.92	0.6	-2.82708e+08
0.92	0.62	-2.74032e+08
0.92	0.64	-2.64112e+08
0.92	0.66	-2.53088e+08
0.92	0.68	-2.41099e+08
0.92	0.7	-2.28284e+08
0.92	0.72	-2.14777e+08
0.92	0.74	-2.00702e+08
0.92	0.76	-1.8617e+08
0.92	0.78	-1.71281e+08
0.92	0.8	-1.56121e+08
0.92	0.82	-1.40764e+08
0.92	0.84	-1.25269e+08
0.92	0.86	-1.09682e+08
0.92	0.88	-9.4041e+07
0.92	0.9	-7.83715e+07
0.92	0.92	-6.26912e+07
0.92	0.94	-4.7011e+07
0.92	0.96	-3.13357e+07
0.92	0.98	-1.56661e+07
0.92	1	0.92
0.94	0	0
0.94	0.02	-1.17508e+07
0.94	0.04	-2.3503e+07
0.94	0.06	-3.5257e+07
0.94	0.08	-4.7011e+07
0.94	0.1	-5.876e+07
0.94	0.12	-7.04949e+07
0.94	0.14	-8.22011e+07
0.94	0.16	-9.38578e+07
0.94	0.18	-1.05437e+08
0.94	0.2	-1.16902e+08
0.94	0.22	-1.28207e+08
0.94	0.24	-1.39299e+08
0.94	0.26	-1.50112e+08
0.94	0.28	-1.60572e+08
0.94	0.3	-1.70597e+08
0.94	0.32	-1.80096e+08
0.94	0.34	-1.88972e+08
0.94	0.36	-1.97123e+08
0.94	0.38	-2.04449e+08
0.94	0.4	-2.10849e+08
0.94	0.42	-2.16231e+08
0.94	0.44	-2.20512e+08
0.94	0.46	-2.23622e+08
0.94	0.48	-2.2551e+08
0.94	0.5	-2.26143e+08
0.94	0.52	-2.2551e+08
0.94	0.54	-2.23622e+08
0.94	0.56	-2.20512e+08
0.94	0.58	-2.16231e+08
0.94	0.6	-2.10849e+08
0.94	0.62	-2.04449e+08
0.94	0.64	-1.97123e+08
0.94	0.66	-1.88972e+08
0.94	0.68	-1.80096e+08
0.94	0.7	-1.70597e+08
0.94	0.72	-1.60572e+08
0.94	0.74	-1.50112e+08
0.94	0.76	-1.39299e+08
0.94	0.78	-1.28207e+08
0.94	0.8	-1.16902e+08
0.94	0.82	-1.05437e+08
0.94	0.84	-9.38578e+07
0.94	0.86	-8.22011e+07
0.94	0.88	-7.04949e+07
0.94	0.9	-5.876e+07
0.94	0.92	-4.7011e+07
0.94	0.94	-3.5257e+07
0.94	0.96	-2.3503e+07
0.94	0.98	-1.17508e+07
0.94	1	0.94
0.96	0	0
0.96	0.02	-7.83411e+06
0.96	0.04	-1.56686e+07
0.96	0.06	-2.3503e+07
0.96	0.08	-3.13357e+07
0.96	0.1	-3.91627e+07
0.96	0.12	-4.69774e+07
0.96	0.14	-5.47695e+07
0.96	0.16	-6.25245e+07
0.96	0.18	-7.02233e+07
0.96	0.2	-7.78412e+07
0.96	0.22	-8.53478e+07
0.96	0.24	-9.27065e+07
0.96	0.26	-9.98744e+07
0.96	0.28	-1.06803e+08
0.96	0.3	-1.13437e+08
0.96	0.32	-1.19716e+08
0.96	0.34	-1.25579e+08
0.96	0.36	-1.30958e+08
0.96	0.38	-1.35789e+08
0.96	0.4	-1.40006e+08
0.96	0.42	-1.4355e+08
0.96	0.44	-1.46367e+08
0.96	0.46	-1.48413e+08
0.96	0.48	-1.49655e+08
0.96	0.5	-1.50071e+08
0.96	0.52	-1.49655e+08
0.96	0.54	-1.48413e+08
0.96	0.56	-1.46367e+08
0.96	0.58	-1.4355e+08
0.96	0.6	-1.40006e+08
0.96	0.62	-1.35789e+08
0.96	0.64	-1.30958e+08
0.96	0.66	-1.25579e+08
0.96	0.68	-1.19716e+08
0.96	0.7	-1.13437e+08
0.96	0.72	-1.06803e+08
0.96	0.74	-9.98744e+07
0.96	0.76	-9.27065e+07
0.96	0.78	-8.53478e+07
0.96	0.8	-7.78412e+07
0.96	0.82	-7.02233e+07
0.96	0.84	-6.25245e+07
0.96	0.86	-5.47695e+07
0.96	0.88	-4.69774e+07
0.96	0.9	-3.91627e+07
0.96	0.92	-3.13357e+07
0.96	0.94	-2.3503e+07
0.96	0.96	-1.56686e+07
0.96	0.98	-7.8341e+06
0.96	1	0.96
0.98	0	0
0.98	0.02	-3.91705e+06
0.98	0.04	-7.83411e+06
0.98	0.06	-1.17508e+07
0.98	0.08	-1.56661e+07
0.98	0.1	-1.95778e+07
0.98	0.12	-2.34825e+07
0.98	0.14	-2.73749e+07
0.98	0.16	-3.12475e+07
0.98	0.18	-3.50907e+07
0.98	0.2	-3.8892e+07
0.98	0.22	-4.26362e+07
0.98	0.24	-4.63048e+07
0.98	0.26	-4.98766e+07
0.98	0.28	-5.33272e+07
0.98	0.3	-5.66294e+07
0.98	0.32	-5.97537e+07
0.98	0.34	-6.26688e+07
0.98	0.36	-6.53423e+07
0.98	0.38	-6.77418e+07
0.98	0.4	-6.98357e+07
0.98	0.42	-7.15946e+07
0.98	0.44	-7.29924e+07
0.98	0.46	-7.40073e+07
0.98	0.48	-7.46229e+07
0.98	0.5	-7.48293e+07
0.98	0.52	-7.46229e+07
0.98	0.54	-7.40073e+07
0.98	0.56	-7.29924e+07
0.98	0.58	-7.15946e+07
0.98	0.6	-6.98357e+07
0.98	0.62	-6.77418e+07
0.98	0.64	-6.53423e+07
0.98	0.66	-6.26688e+07
0.98	0.68	-5.97537e+07
0.98	0.7	-5.66294e+07
0.98	0.72	-5.33272e+07
0.98	0.74	-4.98766e+07
0.98	0.76	-4.63048e+07
0.98	0.78	-4.26362e+07
0.98	0.8	-3.8892e+07
0.98	0.82	-3.50907e+07
0.98	0.84	-3.12475e+07
0.98	0.86	-2.73749e+07
0.98	0.88	-2.34825e+07
0.98	0.9	-1.95778e+07
0.98	0.92	-1.56661e+07
0.98	0.94	-1.17508e+07
0.98	0.96	-7.8341e+06
0.98	0.98	-3.91705e+06
0.98	1	0.98
1	0	0
1	0.02	0
1	0.04	0
1	0.06	0
1	0.08	0
1	0.1	0
1	0.12	0
1	0.14	0
1	0.16	0
1	0.18	0
1	0.2	0
1	0.22	0
1	0.24	0
1	0.26	0
1	0.28	0
1	0.3	0
1	0.32	0
1	0.34	0
1	0.36	0
1	0.38	0
1	0.4	0
1	0.42	0
1	0.44	0
1	0.46	0
1	0.48	0
1	0.5	0
1	0.52	0
1	0.54	0
1	0.56	0
1	0.58	0
1	0.6	0
1	0.62	0
1	0.64	0
1	0.66	0
1	0.68	0
1	0.7	0
1	0.72	0
1	0.74	0
1	0.76	0
1	0.78	0
1	0.8	0
1	0.82	0
1	0.84	0
1	0.86	0
1	0.88	0
1	0.9	0
1	0.92	0
1	0.94	0
1	0.96	0
1	0.98	0
1	1	1
