1	1	0
1	1.02	0.0201987
1	1.04	0.0407895
1	1.06	0.061765
1	1.08	0.0831179
1	1.1	0.104841
1	1.12	0.126928
1	1.14	0.149372
1	1.16	0.172167
1	1.18	0.195307
1	1.2	0.218786
1	1.22	0.242598
1	1.24	0.266738
1	1.26	0.291201
1	1.28	0.315981
1	1.3	0.341074
1	1.32	0.366474
1	1.34	0.392177
1	1.36	0.418179
1	1.38	0.444475
1	1.4	0.471061
1	1.42	0.497933
1	1.44	0.525086
1	1.46	0.552517
1	1.48	0.580222
1	1.5	0.608198
1	1.52	0.63644
1	1.54	0.664945
1	1.56	0.69371
1	1.58	0.722731
1	1.6	0.752006
1	1.62	0.78153
1	1.64	0.811302
1	1.66	0.841317
1	1.68	0.871574
1	1.7	0.902068
1	1.72	0.932798
1	1.74	0.96376
1	1.76	0.994952
1	1.78	1.02637
1	1.8	1.05802
1	1.82	1.08988
1	1.84	1.12197
1	1.86	1.15427
1	1.88	1.18679
1	1.9	1.21952
1	1.92	1.25246
1	1.94	1.28561
1	1.96	1.31897
1	1.98	1.35253
1	2	1.38629
1.02	1	0.0201987
1.02	1.02	0.0449214
1.02	1.04	0.0692442
1.02	1.06	0.0934757
1.02	1.08	0.117758
1.02	1.1	0.142165
1.02	1.12	0.16674
1.02	1.14	0.191511
1.02	1.16	0.216495
1.02	1.18	0.241705
1.02	1.2	0.267148
1.02	1.22	0.29283
1.02	1.24	0.318754
1.02	1.26	0.344923
1.02	1.28	0.371337
1.02	1.3	0.397997
1.02	1.32	0.424902
1.02	1.34	0.452051
1.02	1.36	0.479442
1.02	1.38	0.507073
1.02	1.4	0.534942
1.02	1.42	0.563048
1.02	1.44	0.591385
1.02	1.46	0.619953
1.02	1.48	0.648747
1.02	1.5	0.677764
1.02	1.52	0.707
1.02	1.54	0.736451
1.02	1.56	0.766113
1.02	1.58	0.795981
1.02	1.6	0.826051
1.02	1.62	0.856318
1.02	1.64	0.886777
1.02	1.66	0.917421
1.02	1.68	0.948244
1.02	1.7	0.97924
1.02	1.72	1.0104
1.02	1.74	1.04172
1.02	1.76	1.07319
1.02	1.78	1.10479
1.02	1.8	1.13652
1.02	1.82	1.16837
1.02	1.84	1.20031
1.02	1.86	1.23233
1.02	1.88	1.2644
1.02	1.9	1.2965
1.02	1.92	1.32857
1.02	1.94	1.36056
1.02	1.96	1.39235
1.02	1.98	1.42377
1.02	2	1.45442
1.04	1	0.0407895
1.04	1.02	0.0692442
1.04	1.04	0.0969898
1.04	1.06	0.124335
1.04	1.08	0.151471
1.04	1.1	0.178517
1.04	1.12	0.205553
1.04	1.14	0.232631
1.04	1.16	0.259791
1.04	1.18	0.28706
1.04	1.2	0.31446
1.04	1.22	0.342006
1.04	1.24	0.36971
1.04	1.26	0.397582
1.04	1.28	0.425627
1.04	1.3	0.453852
1.04	1.32	0.482259
1.04	1.34	0.510852
1.04	1.36	0.53963
1.04	1.38	0.568596
1.04	1.4	0.597748
1.04	1.42	0.627086
1.04	1.44	0.656607
1.04	1.46	0.686311
1.04	1.48	0.716193
1.04	1.5	0.74625
1.04	1.52	0.77648
1.04	1.54	0.806877
1.04	1.56	0.837436
1.04	1.58	0.868152
1.04	1.6	0.899018
1.04	1.62	0.930028
1.04	1.64	0.961174
1.04	1.66	0.992448
1.04	1.68	1.02384
1.04	1.7	1.05534
1.04	1.72	1.08694
1.04	1.74	1.11862
1.04	1.76	1.15036
1.04	1.78	1.18216
1.04	1.8	1.21399
1.04	1.82	1.24582
1.04	1.84	1.27763
1.04	1.86	1.30939
1.04	1.88	1.34104
1.04	1.9	1.37254
1.04	1.92	1.4038
1.04	1.94	1.43472
1.04	1.96	1.46513
1.04	1.98	1.4948
1.04	2	1.52333
1.06	1	0.061765
1.06	1.02	0.0934757
1.06	1.04	0.124335
1.06	1.06	0.154605
1.06	1.08	0.184474
1.06	1.1	0.21408
1.06	1.12	0.24352
1.06	1.14	0.272866
1.06	1.16	0.302172
1.06	1.18	0.331479
1.06	1.2	0.360818
1.06	1.22	0.390214
1.06	1.24	0.419687
1.06	1.26	0.449252
1.06	1.28	0.478921
1.06	1.3	0.508705
1.06	1.32	0.538609
1.06	1.34	0.568641
1.06	1.36	0.598804
1.06	1.38	0.6291
1.06	1.4	0.659533
1.06	1.42	0.690101
1.06	1.44	0.720805
1.06	1.46	0.751643
1.06	1.48	0.782613
1.06	1.5	0.813712
1.06	1.52	0.844935
1.06	1.54	0.876278
1.06	1.56	0.907736
1.06	1.58	0.939301
1.06	1.6	0.970966
1.06	1.62	1.00272
1.06	1.64	1.03456
1.06	1.66	1.06647
1.06	1.68	1.09844
1.06	1.7	1.13045
1.06	1.72	1.16249
1.06	1.74	1.19454
1.06	1.76	1.22657
1.06	1.78	1.25858
1.06	1.8	1.29052
1.06	1.82	1.32237
1.06	1.84	1.35408
1.06	1.86	1.38561
1.06	1.88	1.41689
1.06	1.9	1.44786
1.06	1.92	1.47841
1.06	1.94	1.50842
1.06	1.96	1.53769
1.06	1.98	1.566
1.06	2	1.593
1.08	1	0.0831179
1.08	1.02	0.117758
1.08	1.04	0.151471
1.08	1.06	0.184474
1.08	1.08	0.216941
1.08	1.1	0.249008
1.08	1.12	0.28078
1.08	1.14	0.31234
1.08	1.16	0.34375
1.08	1.18	0.375061
1.08	1.2	0.406313
1.08	1.22	0.437538
1.08	1.24	0.468763
1.08	1.26	0.500007
1.08	1.28	0.531288
1.08	1.3	0.562619
1.08	1.32	0.594013
1.08	1.34	0.625477
1.08	1.36	0.657018
1.08	1.38	0.688642
1.08	1.4	0.720351
1.08	1.42	0.752147
1.08	1.44	0.784031
1.08	1.46	0.816003
1.08	1.48	0.84806
1.08	1.5	0.8802
1.08	1.52	0.912418
1.08	1.54	0.94471
1.08	1.56	0.977068
1.08	1.58	1.00949
1.08	1.6	1.04195
1.08	1.62	1.07446
1.08	1.64	1.107
1.08	1.66	1.13955
1.08	1.68	1.1721
1.08	1.7	1.20463
1.08	1.72	1.23713
1.08	1.74	1.26957
1.08	1.76	1.30192
1.08	1.78	1.33415
1.08	1.8	1.36624
1.08	1.82	1.39813
1.08	1.84	1.42978
1.08	1.86	1.46114
1.08	1.88	1.49213
1.08	1.9	1.52266
1.08	1.92	1.55263
1.08	1.94	1.58189
1.08	1.96	1.61027
1.08	1.98	1.63754
1.08	2	1.66343
1.1	1	0.104841
1.1	1.02	0.142165
1.1	1.04	0.178517
1.1	1.06	0.21408
1.1	1.08	0.249008
1.1	1.1	0.283431
1.1	1.12	0.317453
1.1	1.14	0.351162
1.1	1.16	0.384625
1.1	1.18	0.4179
1.1	1.2	0.451031
1.1	1.22	0.484058
1.1	1.24	0.517011
1.1	1.26	0.549915
1.1	1.28	0.582792
1.1	1.3	0.615659
1.1	1.32	0.648531
1.1	1.34	0.681418
1.1	1.36	0.71433
1.1	1.38	0.747274
1.1	1.4	0.780255
1.1	1.42	0.813275
1.1	1.44	0.846337
1.1	1.46	0.879441
1.1	1.48	0.912585
1.1	1.5	0.945767
1.1	1.52	0.978981
1.1	1.54	1.01222
1.1	1.56	1.04549
1.1	1.58	1.07876
1.1	1.6	1.11204
1.1	1.62	1.14531
1.1	1.64	1.17855
1.1	1.66	1.21176
1.1	1.68	1.2449
1.1	1.7	1.27797
1.1	1.72	1.31095
1.1	1.74	1.34379
1.1	1.76	1.37648
1.1	1.78	1.40897
1.1	1.8	1.44123
1.1	1.82	1.47322
1.1	1.84	1.50487
1.1	1.86	1.53612
1.1	1.88	1.5669
1.1	1.9	1.5971
1.1	1.92	1.62662
1.1	1.94	1.65531
1.1	1.96	1.68301
1.1	1.98	1.70952
1.1	2	1.73461
1.12	1	0.126928
1.12	1.02	0.16674
1.12	1.04	0.205553
1.12	1.06	0.24352
1.12	1.08	0.28078
1.12	1.1	0.317453
1.12	1.12	0.353641
1.12	1.14	0.389429
1.12	1.16	0.424888
1.12	1.18	0.460079
1.12	1.2	0.495052
1.12	1.22	0.529848
1.12	1.24	0.564502
1.12	1.26	0.599044
1.12	1.28	0.633498
1.12	1.3	0.667884
1.12	1.32	0.70222
1.12	1.34	0.736519
1.12	1.36	0.770793
1.12	1.38	0.80505
1.12	1.4	0.839296
1.12	1.42	0.873536
1.12	1.44	0.907773
1.12	1.46	0.942007
1.12	1.48	0.976238
1.12	1.5	1.01046
1.12	1.52	1.04468
1.12	1.54	1.07887
1.12	1.56	1.11305
1.12	1.58	1.14718
1.12	1.6	1.18128
1.12	1.62	1.21532
1.12	1.64	1.24928
1.12	1.66	1.28315
1.12	1.68	1.31691
1.12	1.7	1.35054
1.12	1.72	1.38401
1.12	1.74	1.41728
1.12	1.76	1.45034
1.12	1.78	1.48313
1.12	1.8	1.51561
1.12	1.82	1.54774
1.12	1.84	1.57945
1.12	1.86	1.61067
1.12	1.88	1.64131
1.12	1.9	1.6713
1.12	1.92	1.7005
1.12	1.94	1.72879
1.12	1.96	1.75601
1.12	1.98	1.78198
1.12	2	1.80651
1.14	1	0.149372
1.14	1.02	0.191511
1.14	1.04	0.232631
1.14	1.06	0.272866
1.14	1.08	0.31234
1.14	1.1	0.351162
1.14	1.12	0.389429
1.14	1.14	0.427224
1.14	1.16	0.46462
1.14	1.18	0.501677
1.14	1.2	0.538448
1.14	1.22	0.574977
1.14	1.24	0.611302
1.14	1.26	0.647455
1.14	1.28	0.683464
1.14	1.3	0.719351
1.14	1.32	0.755136
1.14	1.34	0.790834
1.14	1.36	0.826458
1.14	1.38	0.862019
1.14	1.4	0.897524
1.14	1.42	0.932979
1.14	1.44	0.968387
1.14	1.46	1.00375
1.14	1.48	1.03907
1.14	1.5	1.07433
1.14	1.52	1.10955
1.14	1.54	1.14471
1.14	1.56	1.17979
1.14	1.58	1.21481
1.14	1.6	1.24973
1.14	1.62	1.28454
1.14	1.64	1.31924
1.14	1.66	1.3538
1.14	1.68	1.38819
1.14	1.7	1.42239
1.14	1.72	1.45638
1.14	1.74	1.49012
1.14	1.76	1.52358
1.14	1.78	1.55671
1.14	1.8	1.58946
1.14	1.82	1.62178
1.14	1.84	1.65361
1.14	1.86	1.68488
1.14	1.88	1.71549
1.14	1.9	1.74536
1.14	1.92	1.77438
1.14	1.94	1.80241
1.14	1.96	1.82932
1.14	1.98	1.85495
1.14	2	1.87912
1.16	1	0.172167
1.16	1.02	0.216495
1.16	1.04	0.259791
1.16	1.06	0.302172
1.16	1.08	0.34375
1.16	1.1	0.384625
1.16	1.12	0.424888
1.16	1.14	0.46462
1.16	1.16	0.50389
1.16	1.18	0.542761
1.16	1.2	0.581285
1.16	1.22	0.619508
1.16	1.24	0.657472
1.16	1.26	0.695208
1.16	1.28	0.732748
1.16	1.3	0.770115
1.16	1.32	0.807331
1.16	1.34	0.844413
1.16	1.36	0.881375
1.16	1.38	0.91823
1.16	1.4	0.954986
1.16	1.42	0.99165
1.16	1.44	1.02823
1.16	1.46	1.06471
1.16	1.48	1.10112
1.16	1.5	1.13743
1.16	1.52	1.17365
1.16	1.54	1.20977
1.16	1.56	1.24578
1.16	1.58	1.28167
1.16	1.6	1.31743
1.16	1.62	1.35304
1.16	1.64	1.38849
1.16	1.66	1.42375
1.16	1.68	1.45879
1.16	1.7	1.4936
1.16	1.72	1.52814
1.16	1.74	1.56238
1.16	1.76	1.59627
1.16	1.78	1.62978
1.16	1.8	1.66285
1.16	1.82	1.69543
1.16	1.84	1.72745
1.16	1.86	1.75884
1.16	1.88	1.78951
1.16	1.9	1.81937
1.16	1.92	1.84833
1.16	1.94	1.87624
1.16	1.96	1.903
1.16	1.98	1.92844
1.16	2	1.95244
1.18	1	0.195307
1.18	1.02	0.241705
1.18	1.04	0.28706
1.18	1.06	0.331479
1.18	1.08	0.375061
1.18	1.1	0.4179
1.18	1.12	0.460079
1.18	1.14	0.501677
1.18	1.16	0.542761
1.18	1.18	0.583391
1.18	1.2	0.623622
1.18	1.22	0.663501
1.18	1.24	0.703067
1.18	1.26	0.742357
1.18	1.28	0.781401
1.18	1.3	0.820225
1.18	1.32	0.858853
1.18	1.34	0.897303
1.18	1.36	0.935591
1.18	1.38	0.973729
1.18	1.4	1.01173
1.18	1.42	1.04959
1.18	1.44	1.08733
1.18	1.46	1.12495
1.18	1.48	1.16243
1.18	1.5	1.19979
1.18	1.52	1.23702
1.18	1.54	1.27411
1.18	1.56	1.31105
1.18	1.58	1.34784
1.18	1.6	1.38445
1.18	1.62	1.42086
1.18	1.64	1.45708
1.18	1.66	1.49306
1.18	1.68	1.52878
1.18	1.7	1.56422
1.18	1.72	1.59934
1.18	1.74	1.63411
1.18	1.76	1.66848
1.18	1.78	1.70242
1.18	1.8	1.73586
1.18	1.82	1.76875
1.18	1.84	1.80103
1.18	1.86	1.83262
1.18	1.88	1.86344
1.18	1.9	1.8934
1.18	1.92	1.9224
1.18	1.94	1.95033
1.18	1.96	1.97707
1.18	1.98	2.00248
1.18	2	2.02644
1.2	1	0.218786
1.2	1.02	0.267148
1.2	1.04	0.31446
1.2	1.06	0.360818
1.2	1.08	0.406313
1.2	1.1	0.451031
1.2	1.12	0.495052
1.2	1.14	0.538448
1.2	1.16	0.581285
1.2	1.18	0.623622
1.2	1.2	0.665513
1.2	1.22	0.707005
1.2	1.24	0.748138
1.2	1.26	0.78895
1.2	1.28	0.829471
1.2	1.3	0.86973
1.2	1.32	0.90975
1.2	1.34	0.949551
1.2	1.36	0.989149
1.2	1.38	1.02856
1.2	1.4	1.06779
1.2	1.42	1.10685
1.2	1.44	1.14575
1.2	1.46	1.18449
1.2	1.48	1.22306
1.2	1.5	1.26147
1.2	1.52	1.29971
1.2	1.54	1.33777
1.2	1.56	1.37566
1.2	1.58	1.41334
1.2	1.6	1.45081
1.2	1.62	1.48806
1.2	1.64	1.52505
1.2	1.66	1.56178
1.2	1.68	1.5982
1.2	1.7	1.6343
1.2	1.72	1.67004
1.2	1.74	1.70537
1.2	1.76	1.74027
1.2	1.78	1.77468
1.2	1.8	1.80855
1.2	1.82	1.84182
1.2	1.84	1.87442
1.2	1.86	1.90629
1.2	1.88	1.93735
1.2	1.9	1.9675
1.2	1.92	1.99666
1.2	1.94	2.02471
1.2	1.96	2.05155
1.2	1.98	2.07706
1.2	2	2.10112
1.22	1	0.242598
1.22	1.02	0.29283
1.22	1.04	0.342006
1.22	1.06	0.390214
1.22	1.08	0.437538
1.22	1.1	0.484058
1.22	1.12	0.529848
1.22	1.14	0.574977
1.22	1.16	0.619508
1.22	1.18	0.663501
1.22	1.2	0.707005
1.22	1.22	0.750068
1.22	1.24	0.792732
1.22	1.26	0.835033
1.22	1.28	0.877004
1.22	1.3	0.918672
1.22	1.32	0.960063
1.22	1.34	1.0012
1.22	1.36	1.04209
1.22	1.38	1.08276
1.22	1.4	1.12322
1.22	1.42	1.16347
1.22	1.44	1.20352
1.22	1.46	1.24337
1.22	1.48	1.28303
1.22	1.5	1.32249
1.22	1.52	1.36175
1.22	1.54	1.4008
1.22	1.56	1.43963
1.22	1.58	1.47822
1.22	1.6	1.51657
1.22	1.62	1.55466
1.22	1.64	1.59246
1.22	1.66	1.62995
1.22	1.68	1.66711
1.22	1.7	1.70389
1.22	1.72	1.74028
1.22	1.74	1.77622
1.22	1.76	1.81169
1.22	1.78	1.84662
1.22	1.8	1.88097
1.22	1.82	1.91467
1.22	1.84	1.94768
1.22	1.86	1.9799
1.22	1.88	2.01127
1.22	1.9	2.04171
1.22	1.92	2.07112
1.22	1.94	2.09941
1.22	1.96	2.12647
1.22	1.98	2.15219
1.22	2	2.17648
1.24	1	0.266738
1.24	1.02	0.318754
1.24	1.04	0.36971
1.24	1.06	0.419687
1.24	1.08	0.468763
1.24	1.1	0.517011
1.24	1.12	0.564502
1.24	1.14	0.611302
1.24	1.16	0.657472
1.24	1.18	0.703067
1.24	1.2	0.748138
1.24	1.22	0.792732
1.24	1.24	0.836889
1.24	1.26	0.880647
1.24	1.28	0.924038
1.24	1.3	0.967091
1.24	1.32	1.00983
1.24	1.34	1.05228
1.24	1.36	1.09445
1.24	1.38	1.13637
1.24	1.4	1.17804
1.24	1.42	1.21947
1.24	1.44	1.26067
1.24	1.46	1.30164
1.24	1.48	1.34239
1.24	1.5	1.3829
1.24	1.52	1.42318
1.24	1.54	1.46322
1.24	1.56	1.50301
1.24	1.58	1.54253
1.24	1.6	1.58177
1.24	1.62	1.62072
1.24	1.64	1.65935
1.24	1.66	1.69763
1.24	1.68	1.73554
1.24	1.7	1.77305
1.24	1.72	1.81011
1.24	1.74	1.84671
1.24	1.76	1.88278
1.24	1.78	1.91828
1.24	1.8	1.95317
1.24	1.82	1.98737
1.24	1.84	2.02084
1.24	1.86	2.05349
1.24	1.88	2.08526
1.24	1.9	2.11607
1.24	1.92	2.14583
1.24	1.94	2.17444
1.24	1.96	2.20182
1.24	1.98	2.22787
1.24	2	2.25248
1.26	1	0.291201
1.26	1.02	0.344923
1.26	1.04	0.397582
1.26	1.06	0.449252
1.26	1.08	0.500007
1.26	1.1	0.549915
1.26	1.12	0.599044
1.26	1.14	0.647455
1.26	1.16	0.695208
1.26	1.18	0.742357
1.26	1.2	0.78895
1.26	1.22	0.835033
1.26	1.24	0.880647
1.26	1.26	0.925829
1.26	1.28	0.970612
1.26	1.3	1.01502
1.26	1.32	1.05909
1.26	1.34	1.10284
1.26	1.36	1.14627
1.26	1.38	1.18942
1.26	1.4	1.2323
1.26	1.42	1.2749
1.26	1.44	1.31725
1.26	1.46	1.35933
1.26	1.48	1.40116
1.26	1.5	1.44273
1.26	1.52	1.48404
1.26	1.54	1.52508
1.26	1.56	1.56583
1.26	1.58	1.60629
1.26	1.6	1.64645
1.26	1.62	1.68627
1.26	1.64	1.72574
1.26	1.66	1.76484
1.26	1.68	1.80354
1.26	1.7	1.8418
1.26	1.72	1.87959
1.26	1.74	1.91687
1.26	1.76	1.95359
1.26	1.78	1.98972
1.26	1.8	2.02519
1.26	1.82	2.05995
1.26	1.84	2.09394
1.26	1.86	2.1271
1.26	1.88	2.15934
1.26	1.9	2.1906
1.26	1.92	2.22079
1.26	1.94	2.24983
1.26	1.96	2.27763
1.26	1.98	2.3041
1.26	2	2.32913
1.28	1	0.315981
1.28	1.02	0.371337
1.28	1.04	0.425627
1.28	1.06	0.478921
1.28	1.08	0.531288
1.28	1.1	0.582792
1.28	1.12	0.633498
1.28	1.14	0.683464
1.28	1.16	0.732748
1.28	1.18	0.781401
1.28	1.2	0.829471
1.28	1.22	0.877004
1.28	1.24	0.924038
1.28	1.26	0.970612
1.28	1.28	1.01676
1.28	1.3	1.0625
1.28	1.32	1.10788
1.28	1.34	1.1529
1.28	1.36	1.19758
1.28	1.38	1.24195
1.28	1.4	1.28602
1.28	1.42	1.32979
1.28	1.44	1.37327
1.28	1.46	1.41647
1.28	1.48	1.45939
1.28	1.5	1.50202
1.28	1.52	1.54436
1.28	1.54	1.5864
1.28	1.56	1.62813
1.28	1.58	1.66955
1.28	1.6	1.71063
1.28	1.62	1.75135
1.28	1.64	1.79169
1.28	1.66	1.83163
1.28	1.68	1.87114
1.28	1.7	1.91018
1.28	1.72	1.94873
1.28	1.74	1.98674
1.28	1.76	2.02416
1.28	1.78	2.06096
1.28	1.8	2.09707
1.28	1.82	2.13245
1.28	1.84	2.16703
1.28	1.86	2.20075
1.28	1.88	2.23354
1.28	1.9	2.26533
1.28	1.92	2.29604
1.28	1.94	2.32559
1.28	1.96	2.35389
1.28	1.98	2.38086
1.28	2	2.40642
1.3	1	0.341074
1.3	1.02	0.397997
1.3	1.04	0.453852
1.3	1.06	0.508705
1.3	1.08	0.562619
1.3	1.1	0.615659
1.3	1.12	0.667884
1.3	1.14	0.719351
1.3	1.16	0.770115
1.3	1.18	0.820225
1.3	1.2	0.86973
1.3	1.22	0.918672
1.3	1.24	0.967091
1.3	1.26	1.01502
1.3	1.28	1.0625
1.3	1.3	1.10956
1.3	1.32	1.15621
1.3	1.34	1.20249
1.3	1.36	1.24841
1.3	1.38	1.29399
1.3	1.4	1.33923
1.3	1.42	1.38416
1.3	1.44	1.42878
1.3	1.46	1.47309
1.3	1.48	1.51709
1.3	1.5	1.56078
1.3	1.52	1.60416
1.3	1.54	1.64722
1.3	1.56	1.68994
1.3	1.58	1.73232
1.3	1.6	1.77434
1.3	1.62	1.81598
1.3	1.64	1.85722
1.3	1.66	1.89803
1.3	1.68	1.93838
1.3	1.7	1.97824
1.3	1.72	2.01758
1.3	1.74	2.05635
1.3	1.76	2.09452
1.3	1.78	2.13203
1.3	1.8	2.16884
1.3	1.82	2.20489
1.3	1.84	2.24013
1.3	1.86	2.27448
1.3	1.88	2.30789
1.3	1.9	2.34028
1.3	1.92	2.37158
1.3	1.94	2.40172
1.3	1.96	2.43061
1.3	1.98	2.45817
1.3	2	2.48433
1.32	1	0.366474
1.32	1.02	0.424902
1.32	1.04	0.482259
1.32	1.06	0.538609
1.32	1.08	0.594013
1.32	1.1	0.648531
1.32	1.12	0.70222
1.32	1.14	0.755136
1.32	1.16	0.807331
1.32	1.18	0.858853
1.32	1.2	0.90975
1.32	1.22	0.960063
1.32	1.24	1.00983
1.32	1.26	1.05909
1.32	1.28	1.10788
1.32	1.3	1.15621
1.32	1.32	1.20413
1.32	1.34	1.25164
1.32	1.36	1.29878
1.32	1.38	1.34555
1.32	1.4	1.39197
1.32	1.42	1.43805
1.32	1.44	1.48379
1.32	1.46	1.52921
1.32	1.48	1.5743
1.32	1.5	1.61906
1.32	1.52	1.66348
1.32	1.54	1.70756
1.32	1.56	1.75128
1.32	1.58	1.79465
1.32	1.6	1.83762
1.32	1.62	1.8802
1.32	1.64	1.92235
1.32	1.66	1.96406
1.32	1.68	2.00528
1.32	1.7	2.04599
1.32	1.72	2.08616
1.32	1.74	2.12574
1.32	1.76	2.16469
1.32	1.78	2.20297
1.32	1.8	2.24053
1.32	1.82	2.27731
1.32	1.84	2.31326
1.32	1.86	2.34831
1.32	1.88	2.3824
1.32	1.9	2.41546
1.32	1.92	2.44743
1.32	1.94	2.47823
1.32	1.96	2.50779
1.32	1.98	2.53602
1.32	2	2.56286
1.34	1	0.392177
1.34	1.02	0.452051
1.34	1.04	0.510852
1.34	1.06	0.568641
1.34	1.08	0.625477
1.34	1.1	0.681418
1.34	1.12	0.736519
1.34	1.14	0.790834
1.34	1.16	0.844413
1.34	1.18	0.897303
1.34	1.2	0.949551
1.34	1.22	1.0012
1.34	1.24	1.05228
1.34	1.26	1.10284
1.34	1.28	1.1529
1.34	1.3	1.20249
1.34	1.32	1.25164
1.34	1.34	1.30038
1.34	1.36	1.34871
1.34	1.38	1.39666
1.34	1.4	1.44424
1.34	1.42	1.49147
1.34	1.44	1.53834
1.34	1.46	1.58486
1.34	1.48	1.63103
1.34	1.5	1.67686
1.34	1.52	1.72233
1.34	1.54	1.76744
1.34	1.56	1.81218
1.34	1.58	1.85654
1.34	1.6	1.90049
1.34	1.62	1.94403
1.34	1.64	1.98712
1.34	1.66	2.02974
1.34	1.68	2.07187
1.34	1.7	2.11347
1.34	1.72	2.1545
1.34	1.74	2.19493
1.34	1.76	2.23471
1.34	1.78	2.2738
1.34	1.8	2.31216
1.34	1.82	2.34972
1.34	1.84	2.38643
1.34	1.86	2.42224
1.34	1.88	2.45708
1.34	1.9	2.49089
1.34	1.92	2.52359
1.34	1.94	2.55513
1.34	1.96	2.58542
1.34	1.98	2.6144
1.34	2	2.64199
1.36	1	0.418179
1.36	1.02	0.479442
1.36	1.04	0.53963
1.36	1.06	0.598804
1.36	1.08	0.657018
1.36	1.1	0.71433
1.36	1.12	0.770793
1.36	1.14	0.826458
1.36	1.16	0.881375
1.36	1.18	0.935591
1.36	1.2	0.989149
1.36	1.22	1.04209
1.36	1.24	1.09445
1.36	1.26	1.14627
1.36	1.28	1.19758
1.36	1.3	1.24841
1.36	1.32	1.29878
1.36	1.34	1.34871
1.36	1.36	1.39823
1.36	1.38	1.44735
1.36	1.4	1.49608
1.36	1.42	1.54444
1.36	1.44	1.59243
1.36	1.46	1.64005
1.36	1.48	1.68731
1.36	1.5	1.73421
1.36	1.52	1.78074
1.36	1.54	1.82689
1.36	1.56	1.87266
1.36	1.58	1.91802
1.36	1.6	1.96297
1.36	1.62	2.00749
1.36	1.64	2.05154
1.36	1.66	2.09511
1.36	1.68	2.13817
1.36	1.7	2.18068
1.36	1.72	2.22262
1.36	1.74	2.26393
1.36	1.76	2.30459
1.36	1.78	2.34454
1.36	1.8	2.38374
1.36	1.82	2.42214
1.36	1.84	2.45968
1.36	1.86	2.4963
1.36	1.88	2.53195
1.36	1.9	2.56656
1.36	1.92	2.60007
1.36	1.94	2.63241
1.36	1.96	2.66351
1.36	1.98	2.6933
1.36	2	2.72172
1.38	1	0.444475
1.38	1.02	0.507073
1.38	1.04	0.568596
1.38	1.06	0.6291
1.38	1.08	0.688642
1.38	1.1	0.747274
1.38	1.12	0.80505
1.38	1.14	0.862019
1.38	1.16	0.91823
1.38	1.18	0.973729
1.38	1.2	1.02856
1.38	1.22	1.08276
1.38	1.24	1.13637
1.38	1.26	1.18942
1.38	1.28	1.24195
1.38	1.3	1.29399
1.38	1.32	1.34555
1.38	1.34	1.39666
1.38	1.36	1.44735
1.38	1.38	1.49762
1.38	1.4	1.54749
1.38	1.42	1.59698
1.38	1.44	1.64608
1.38	1.46	1.69481
1.38	1.48	1.74316
1.38	1.5	1.79113
1.38	1.52	1.83872
1.38	1.54	1.88593
1.38	1.56	1.93273
1.38	1.58	1.97912
1.38	1.6	2.02508
1.38	1.62	2.07059
1.38	1.64	2.11563
1.38	1.66	2.16018
1.38	1.68	2.2042
1.38	1.7	2.24766
1.38	1.72	2.29053
1.38	1.74	2.33278
1.38	1.76	2.37435
1.38	1.78	2.41521
1.38	1.8	2.4553
1.38	1.82	2.49459
1.38	1.84	2.533
1.38	1.86	2.5705
1.38	1.88	2.60702
1.38	1.9	2.6425
1.38	1.92	2.67687
1.38	1.94	2.71008
1.38	1.96	2.74206
1.38	1.98	2.77273
1.38	2	2.80204
1.4	1	0.471061
1.4	1.02	0.534942
1.4	1.04	0.597748
1.4	1.06	0.659533
1.4	1.08	0.720351
1.4	1.1	0.780255
1.4	1.12	0.839296
1.4	1.14	0.897524
1.4	1.16	0.954986
1.4	1.18	1.01173
1.4	1.2	1.06779
1.4	1.22	1.12322
1.4	1.24	1.17804
1.4	1.26	1.2323
1.4	1.28	1.28602
1.4	1.3	1.33923
1.4	1.32	1.39197
1.4	1.34	1.44424
1.4	1.36	1.49608
1.4	1.38	1.54749
1.4	1.4	1.5985
1.4	1.42	1.6491
1.4	1.44	1.69931
1.4	1.46	1.74914
1.4	1.48	1.79858
1.4	1.5	1.84763
1.4	1.52	1.89629
1.4	1.54	1.94455
1.4	1.56	1.99241
1.4	1.58	2.03984
1.4	1.6	2.08683
1.4	1.62	2.13336
1.4	1.64	2.17941
1.4	1.66	2.22496
1.4	1.68	2.26997
1.4	1.7	2.31442
1.4	1.72	2.35826
1.4	1.74	2.40147
1.4	1.76	2.444
1.4	1.78	2.48581
1.4	1.8	2.52684
1.4	1.82	2.56707
1.4	1.84	2.60642
1.4	1.86	2.64484
1.4	1.88	2.68229
1.4	1.9	2.7187
1.4	1.92	2.754
1.4	1.94	2.78814
1.4	1.96	2.82105
1.4	1.98	2.85267
1.4	2	2.88293
1.42	1	0.497933
1.42	1.02	0.563048
1.42	1.04	0.627086
1.42	1.06	0.690101
1.42	1.08	0.752147
1.42	1.1	0.813275
1.42	1.12	0.873536
1.42	1.14	0.932979
1.42	1.16	0.99165
1.42	1.18	1.04959
1.42	1.2	1.10685
1.42	1.22	1.16347
1.42	1.24	1.21947
1.42	1.26	1.2749
1.42	1.28	1.32979
1.42	1.3	1.38416
1.42	1.32	1.43805
1.42	1.34	1.49147
1.42	1.36	1.54444
1.42	1.38	1.59698
1.42	1.4	1.6491
1.42	1.42	1.70082
1.42	1.44	1.75213
1.42	1.46	1.80306
1.42	1.48	1.85359
1.42	1.5	1.90372
1.42	1.52	1.95346
1.42	1.54	2.00279
1.42	1.56	2.05171
1.42	1.58	2.10019
1.42	1.6	2.14823
1.42	1.62	2.1958
1.42	1.64	2.24289
1.42	1.66	2.28946
1.42	1.68	2.3355
1.42	1.7	2.38096
1.42	1.72	2.42581
1.42	1.74	2.47002
1.42	1.76	2.51355
1.42	1.78	2.55635
1.42	1.8	2.59838
1.42	1.82	2.63959
1.42	1.84	2.67993
1.42	1.86	2.71934
1.42	1.88	2.75777
1.42	1.9	2.79516
1.42	1.92	2.83145
1.42	1.94	2.86658
1.42	1.96	2.9005
1.42	1.98	2.93312
1.42	2	2.9644
1.44	1	0.525086
1.44	1.02	0.591385
1.44	1.04	0.656607
1.44	1.06	0.720805
1.44	1.08	0.784031
1.44	1.1	0.846337
1.44	1.12	0.907773
1.44	1.14	0.968387
1.44	1.16	1.02823
1.44	1.18	1.08733
1.44	1.2	1.14575
1.44	1.22	1.20352
1.44	1.24	1.26067
1.44	1.26	1.31725
1.44	1.28	1.37327
1.44	1.3	1.42878
1.44	1.32	1.48379
1.44	1.34	1.53834
1.44	1.36	1.59243
1.44	1.38	1.64608
1.44	1.4	1.69931
1.44	1.42	1.75213
1.44	1.44	1.80455
1.44	1.46	1.85657
1.44	1.48	1.90819
1.44	1.5	1.95941
1.44	1.52	2.01023
1.44	1.54	2.06064
1.44	1.56	2.11063
1.44	1.58	2.16019
1.44	1.6	2.20929
1.44	1.62	2.25793
1.44	1.64	2.30607
1.44	1.66	2.3537
1.44	1.68	2.40078
1.44	1.7	2.44729
1.44	1.72	2.49319
1.44	1.74	2.53845
1.44	1.76	2.58301
1.44	1.78	2.62685
1.44	1.8	2.66992
1.44	1.82	2.71216
1.44	1.84	2.75353
1.44	1.86	2.79398
1.44	1.88	2.83345
1.44	1.9	2.87188
1.44	1.92	2.90922
1.44	1.94	2.94541
1.44	1.96	2.98038
1.44	1.98	3.01408
1.44	2	3.04644
1.46	1	0.552517
1.46	1.02	0.619953
1.46	1.04	0.686311
1.46	1.06	0.751643
1.46	1.08	0.816003
1.46	1.1	0.879441
1.46	1.12	0.942007
1.46	1.14	1.00375
1.46	1.16	1.06471
1.46	1.18	1.12495
1.46	1.2	1.18449
1.46	1.22	1.24337
1.46	1.24	1.30164
1.46	1.26	1.35933
1.46	1.28	1.41647
1.46	1.3	1.47309
1.46	1.32	1.52921
1.46	1.34	1.58486
1.46	1.36	1.64005
1.46	1.38	1.69481
1.46	1.4	1.74914
1.46	1.42	1.80306
1.46	1.44	1.85657
1.46	1.46	1.90968
1.46	1.48	1.9624
1.46	1.5	2.01471
1.46	1.52	2.06662
1.46	1.54	2.11812
1.46	1.56	2.16919
1.46	1.58	2.21983
1.46	1.6	2.27002
1.46	1.62	2.31974
1.46	1.64	2.36897
1.46	1.66	2.41768
1.46	1.68	2.46584
1.46	1.7	2.51343
1.46	1.72	2.56041
1.46	1.74	2.60674
1.46	1.76	2.65239
1.46	1.78	2.69731
1.46	1.8	2.74145
1.46	1.82	2.78478
1.46	1.84	2.82724
1.46	1.86	2.86878
1.46	1.88	2.90934
1.46	1.9	2.94887
1.46	1.92	2.98732
1.46	1.94	3.02461
1.46	1.96	3.0607
1.46	1.98	3.09553
1.46	2	3.12902
1.48	1	0.580222
1.48	1.02	0.648747
1.48	1.04	0.716193
1.48	1.06	0.782613
1.48	1.08	0.84806
1.48	1.1	0.912585
1.48	1.12	0.976238
1.48	1.14	1.03907
1.48	1.16	1.10112
1.48	1.18	1.16243
1.48	1.2	1.22306
1.48	1.22	1.28303
1.48	1.24	1.34239
1.48	1.26	1.40116
1.48	1.28	1.45939
1.48	1.3	1.51709
1.48	1.32	1.5743
1.48	1.34	1.63103
1.48	1.36	1.68731
1.48	1.38	1.74316
1.48	1.4	1.79858
1.48	1.42	1.85359
1.48	1.44	1.90819
1.48	1.46	1.9624
1.48	1.48	2.0162
1.48	1.5	2.06961
1.48	1.52	2.12262
1.48	1.54	2.17521
1.48	1.56	2.22739
1.48	1.58	2.27913
1.48	1.6	2.33042
1.48	1.62	2.38124
1.48	1.64	2.43157
1.48	1.66	2.48139
1.48	1.68	2.53067
1.48	1.7	2.57937
1.48	1.72	2.62746
1.48	1.74	2.67491
1.48	1.76	2.72168
1.48	1.78	2.76772
1.48	1.8	2.813
1.48	1.82	2.85745
1.48	1.84	2.90105
1.48	1.86	2.94373
1.48	1.88	2.98544
1.48	1.9	3.02612
1.48	1.92	3.06573
1.48	1.94	3.10419
1.48	1.96	3.14146
1.48	1.98	3.17747
1.48	2	3.21216
1.5	1	0.608198
1.5	1.02	0.677764
1.5	1.04	0.74625
1.5	1.06	0.813712
1.5	1.08	0.8802
1.5	1.1	0.945767
1.5	1.12	1.01046
1.5	1.14	1.07433
1.5	1.16	1.13743
1.5	1.18	1.19979
1.5	1.2	1.26147
1.5	1.22	1.32249
1.5	1.24	1.3829
1.5	1.26	1.44273
1.5	1.28	1.50202
1.5	1.3	1.56078
1.5	1.32	1.61906
1.5	1.34	1.67686
1.5	1.36	1.73421
1.5	1.38	1.79113
1.5	1.4	1.84763
1.5	1.42	1.90372
1.5	1.44	1.95941
1.5	1.46	2.01471
1.5	1.48	2.06961
1.5	1.5	2.12412
1.5	1.52	2.17823
1.5	1.54	2.23193
1.5	1.56	2.28522
1.5	1.58	2.33807
1.5	1.6	2.39048
1.5	1.62	2.44243
1.5	1.64	2.49389
1.5	1.66	2.54485
1.5	1.68	2.59526
1.5	1.7	2.6451
1.5	1.72	2.69435
1.5	1.74	2.74295
1.5	1.76	2.79088
1.5	1.78	2.83809
1.5	1.8	2.88454
1.5	1.82	2.93018
1.5	1.84	2.97496
1.5	1.86	3.01883
1.5	1.88	3.06174
1.5	1.9	3.10363
1.5	1.92	3.14445
1.5	1.94	3.18414
1.5	1.96	3.22264
1.5	1.98	3.25989
1.5	2	3.29584
1.52	1	0.63644
1.52	1.02	0.707
1.52	1.04	0.77648
1.52	1.06	0.844935
1.52	1.08	0.912418
1.52	1.1	0.978981
1.52	1.12	1.04468
1.52	1.14	1.10955
1.52	1.16	1.17365
1.52	1.18	1.23702
1.52	1.2	1.29971
1.52	1.22	1.36175
1.52	1.24	1.42318
1.52	1.26	1.48404
1.52	1.28	1.54436
1.52	1.3	1.60416
1.52	1.32	1.66348
1.52	1.34	1.72233
1.52	1.36	1.78074
1.52	1.38	1.83872
1.52	1.4	1.89629
1.52	1.42	1.95346
1.52	1.44	2.01023
1.52	1.46	2.06662
1.52	1.48	2.12262
1.52	1.5	2.17823
1.52	1.52	2.23345
1.52	1.54	2.28826
1.52	1.56	2.34268
1.52	1.58	2.39666
1.52	1.6	2.45021
1.52	1.62	2.50331
1.52	1.64	2.55592
1.52	1.66	2.60804
1.52	1.68	2.65962
1.52	1.7	2.71064
1.52	1.72	2.76107
1.52	1.74	2.81086
1.52	1.76	2.85999
1.52	1.78	2.90841
1.52	1.8	2.95608
1.52	1.82	3.00294
1.52	1.84	3.04895
1.52	1.86	3.09407
1.52	1.88	3.13823
1.52	1.9	3.18139
1.52	1.92	3.22348
1.52	1.94	3.26445
1.52	1.96	3.30424
1.52	1.98	3.34279
1.52	2	3.38005
1.54	1	0.664945
1.54	1.02	0.736451
1.54	1.04	0.806877
1.54	1.06	0.876278
1.54	1.08	0.94471
1.54	1.1	1.01222
1.54	1.12	1.07887
1.54	1.14	1.14471
1.54	1.16	1.20977
1.54	1.18	1.27411
1.54	1.2	1.33777
1.54	1.22	1.4008
1.54	1.24	1.46322
1.54	1.26	1.52508
1.54	1.28	1.5864
1.54	1.3	1.64722
1.54	1.32	1.70756
1.54	1.34	1.76744
1.54	1.36	1.82689
1.54	1.38	1.88593
1.54	1.4	1.94455
1.54	1.42	2.00279
1.54	1.44	2.06064
1.54	1.46	2.11812
1.54	1.48	2.17521
1.54	1.5	2.23193
1.54	1.52	2.28826
1.54	1.54	2.34421
1.54	1.56	2.39976
1.54	1.58	2.45489
1.54	1.6	2.5096
1.54	1.62	2.56386
1.54	1.64	2.61766
1.54	1.66	2.67096
1.54	1.68	2.72374
1.54	1.7	2.77597
1.54	1.72	2.82761
1.54	1.74	2.87864
1.54	1.76	2.92901
1.54	1.78	2.97868
1.54	1.8	3.02761
1.54	1.82	3.07574
1.54	1.84	3.12304
1.54	1.86	3.16945
1.54	1.88	3.21492
1.54	1.9	3.25939
1.54	1.92	3.3028
1.54	1.94	3.34511
1.54	1.96	3.38625
1.54	1.98	3.42616
1.54	2	3.46478
1.56	1	0.69371
1.56	1.02	0.766113
1.56	1.04	0.837436
1.56	1.06	0.907736
1.56	1.08	0.977068
1.56	1.1	1.04549
1.56	1.12	1.11305
1.56	1.14	1.17979
1.56	1.16	1.24578
1.56	1.18	1.31105
1.56	1.2	1.37566
1.56	1.22	1.43963
1.56	1.24	1.50301
1.56	1.26	1.56583
1.56	1.28	1.62813
1.56	1.3	1.68994
1.56	1.32	1.75128
1.56	1.34	1.81218
1.56	1.36	1.87266
1.56	1.38	1.93273
1.56	1.4	1.99241
1.56	1.42	2.05171
1.56	1.44	2.11063
1.56	1.46	2.16919
1.56	1.48	2.22739
1.56	1.5	2.28522
1.56	1.52	2.34268
1.56	1.54	2.39976
1.56	1.56	2.45645
1.56	1.58	2.51275
1.56	1.6	2.56864
1.56	1.62	2.62408
1.56	1.64	2.67908
1.56	1.66	2.73359
1.56	1.68	2.7876
1.56	1.7	2.84107
1.56	1.72	2.89397
1.56	1.74	2.94627
1.56	1.76	2.99792
1.56	1.78	3.04888
1.56	1.8	3.09912
1.56	1.82	3.14857
1.56	1.84	3.1972
1.56	1.86	3.24496
1.56	1.88	3.29178
1.56	1.9	3.33762
1.56	1.92	3.38242
1.56	1.94	3.42612
1.56	1.96	3.46867
1.56	1.98	3.50999
1.56	2	3.55004
1.58	1	0.722731
1.58	1.02	0.795981
1.58	1.04	0.868152
1.58	1.06	0.939301
1.58	1.08	1.00949
1.58	1.1	1.07876
1.58	1.12	1.14718
1.58	1.14	1.21481
1.58	1.16	1.28167
1.58	1.18	1.34784
1.58	1.2	1.41334
1.58	1.22	1.47822
1.58	1.24	1.54253
1.58	1.26	1.60629
1.58	1.28	1.66955
1.58	1.3	1.73232
1.58	1.32	1.79465
1.58	1.34	1.85654
1.58	1.36	1.91802
1.58	1.38	1.97912
1.58	1.4	2.03984
1.58	1.42	2.10019
1.58	1.44	2.16019
1.58	1.46	2.21983
1.58	1.48	2.27913
1.58	1.5	2.33807
1.58	1.52	2.39666
1.58	1.54	2.45489
1.58	1.56	2.51275
1.58	1.58	2.57023
1.58	1.6	2.6273
1.58	1.62	2.68396
1.58	1.64	2.74018
1.58	1.66	2.79594
1.58	1.68	2.85121
1.58	1.7	2.90595
1.58	1.72	2.96014
1.58	1.74	3.01374
1.58	1.76	3.06671
1.58	1.78	3.11901
1.58	1.8	3.17059
1.58	1.82	3.22142
1.58	1.84	3.27143
1.58	1.86	3.32058
1.58	1.88	3.36882
1.58	1.9	3.41609
1.58	1.92	3.46232
1.58	1.94	3.50748
1.58	1.96	3.55148
1.58	1.98	3.59428
1.58	2	3.63581
1.6	1	0.752006
1.6	1.02	0.826051
1.6	1.04	0.899018
1.6	1.06	0.970966
1.6	1.08	1.04195
1.6	1.1	1.11204
1.6	1.12	1.18128
1.6	1.14	1.24973
1.6	1.16	1.31743
1.6	1.18	1.38445
1.6	1.2	1.45081
1.6	1.22	1.51657
1.6	1.24	1.58177
1.6	1.26	1.64645
1.6	1.28	1.71063
1.6	1.3	1.77434
1.6	1.32	1.83762
1.6	1.34	1.90049
1.6	1.36	1.96297
1.6	1.38	2.02508
1.6	1.4	2.08683
1.6	1.42	2.14823
1.6	1.44	2.20929
1.6	1.46	2.27002
1.6	1.48	2.33042
1.6	1.5	2.39048
1.6	1.52	2.45021
1.6	1.54	2.5096
1.6	1.56	2.56864
1.6	1.58	2.6273
1.6	1.6	2.68559
1.6	1.62	2.74348
1.6	1.64	2.80095
1.6	1.66	2.85798
1.6	1.68	2.91453
1.6	1.7	2.97058
1.6	1.72	3.02609
1.6	1.74	3.08103
1.6	1.76	3.13537
1.6	1.78	3.18905
1.6	1.8	3.24203
1.6	1.82	3.29427
1.6	1.84	3.34572
1.6	1.86	3.39632
1.6	1.88	3.44602
1.6	1.9	3.49476
1.6	1.92	3.5425
1.6	1.94	3.58916
1.6	1.96	3.63468
1.6	1.98	3.67901
1.6	2	3.72208
1.62	1	0.78153
1.62	1.02	0.856318
1.62	1.04	0.930028
1.62	1.06	1.00272
1.62	1.08	1.07446
1.62	1.1	1.14531
1.62	1.12	1.21532
1.62	1.14	1.28454
1.62	1.16	1.35304
1.62	1.18	1.42086
1.62	1.2	1.48806
1.62	1.22	1.55466
1.62	1.24	1.62072
1.62	1.26	1.68627
1.62	1.28	1.75135
1.62	1.3	1.81598
1.62	1.32	1.8802
1.62	1.34	1.94403
1.62	1.36	2.00749
1.62	1.38	2.07059
1.62	1.4	2.13336
1.62	1.42	2.1958
1.62	1.44	2.25793
1.62	1.46	2.31974
1.62	1.48	2.38124
1.62	1.5	2.44243
1.62	1.52	2.50331
1.62	1.54	2.56386
1.62	1.56	2.62408
1.62	1.58	2.68396
1.62	1.6	2.74348
1.62	1.62	2.80263
1.62	1.64	2.86137
1.62	1.66	2.91969
1.62	1.68	2.97756
1.62	1.7	3.03494
1.62	1.72	3.09182
1.62	1.74	3.14814
1.62	1.76	3.20387
1.62	1.78	3.25898
1.62	1.8	3.3134
1.62	1.82	3.36711
1.62	1.84	3.42004
1.62	1.86	3.47214
1.62	1.88	3.52336
1.62	1.9	3.57364
1.62	1.92	3.62293
1.62	1.94	3.67116
1.62	1.96	3.71826
1.62	1.98	3.76418
1.62	2	3.80886
1.64	1	0.811302
1.64	1.02	0.886777
1.64	1.04	0.961174
1.64	1.06	1.03456
1.64	1.08	1.107
1.64	1.1	1.17855
1.64	1.12	1.24928
1.64	1.14	1.31924
1.64	1.16	1.38849
1.64	1.18	1.45708
1.64	1.2	1.52505
1.64	1.22	1.59246
1.64	1.24	1.65935
1.64	1.26	1.72574
1.64	1.28	1.79169
1.64	1.3	1.85722
1.64	1.32	1.92235
1.64	1.34	1.98712
1.64	1.36	2.05154
1.64	1.38	2.11563
1.64	1.4	2.17941
1.64	1.42	2.24289
1.64	1.44	2.30607
1.64	1.46	2.36897
1.64	1.48	2.43157
1.64	1.5	2.49389
1.64	1.52	2.55592
1.64	1.54	2.61766
1.64	1.56	2.67908
1.64	1.58	2.74018
1.64	1.6	2.80095
1.64	1.62	2.86137
1.64	1.64	2.92141
1.64	1.66	2.98105
1.64	1.68	3.04027
1.64	1.7	3.09902
1.64	1.72	3.15729
1.64	1.74	3.21503
1.64	1.76	3.27221
1.64	1.78	3.32878
1.64	1.8	3.3847
1.64	1.82	3.43991
1.64	1.84	3.49438
1.64	1.86	3.54804
1.64	1.88	3.60084
1.64	1.9	3.65271
1.64	1.92	3.70361
1.64	1.94	3.75347
1.64	1.96	3.80221
1.64	1.98	3.84979
1.64	2	3.89613
1.66	1	0.841317
1.66	1.02	0.917421
1.66	1.04	0.992448
1.66	1.06	1.06647
1.66	1.08	1.13955
1.66	1.1	1.21176
1.66	1.12	1.28315
1.66	1.14	1.3538
1.66	1.16	1.42375
1.66	1.18	1.49306
1.66	1.2	1.56178
1.66	1.22	1.62995
1.66	1.24	1.69763
1.66	1.26	1.76484
1.66	1.28	1.83163
1.66	1.3	1.89803
1.66	1.32	1.96406
1.66	1.34	2.02974
1.66	1.36	2.09511
1.66	1.38	2.16018
1.66	1.4	2.22496
1.66	1.42	2.28946
1.66	1.44	2.3537
1.66	1.46	2.41768
1.66	1.48	2.48139
1.66	1.5	2.54485
1.66	1.52	2.60804
1.66	1.54	2.67096
1.66	1.56	2.73359
1.66	1.58	2.79594
1.66	1.6	2.85798
1.66	1.62	2.91969
1.66	1.64	2.98105
1.66	1.66	3.04204
1.66	1.68	3.10263
1.66	1.7	3.16279
1.66	1.72	3.22249
1.66	1.74	3.28169
1.66	1.76	3.34035
1.66	1.78	3.39844
1.66	1.8	3.45589
1.66	1.82	3.51267
1.66	1.84	3.56872
1.66	1.86	3.62399
1.66	1.88	3.67842
1.66	1.9	3.73195
1.66	1.92	3.78452
1.66	1.94	3.83607
1.66	1.96	3.88652
1.66	1.98	3.93582
1.66	2	3.98388
1.68	1	0.871574
1.68	1.02	0.948244
1.68	1.04	1.02384
1.68	1.06	1.09844
1.68	1.08	1.1721
1.68	1.1	1.2449
1.68	1.12	1.31691
1.68	1.14	1.38819
1.68	1.16	1.45879
1.68	1.18	1.52878
1.68	1.2	1.5982
1.68	1.22	1.66711
1.68	1.24	1.73554
1.68	1.26	1.80354
1.68	1.28	1.87114
1.68	1.3	1.93838
1.68	1.32	2.00528
1.68	1.34	2.07187
1.68	1.36	2.13817
1.68	1.38	2.2042
1.68	1.4	2.26997
1.68	1.42	2.3355
1.68	1.44	2.40078
1.68	1.46	2.46584
1.68	1.48	2.53067
1.68	1.5	2.59526
1.68	1.52	2.65962
1.68	1.54	2.72374
1.68	1.56	2.7876
1.68	1.58	2.85121
1.68	1.6	2.91453
1.68	1.62	2.97756
1.68	1.64	3.04027
1.68	1.66	3.10263
1.68	1.68	3.16463
1.68	1.7	3.22623
1.68	1.72	3.28739
1.68	1.74	3.34809
1.68	1.76	3.40828
1.68	1.78	3.46792
1.68	1.8	3.52696
1.68	1.82	3.58535
1.68	1.84	3.64304
1.68	1.86	3.69998
1.68	1.88	3.7561
1.68	1.9	3.81135
1.68	1.92	3.86566
1.68	1.94	3.91896
1.68	1.96	3.97118
1.68	1.98	4.02226
1.68	2	4.07212
1.7	1	0.902068
1.7	1.02	0.97924
1.7	1.04	1.05534
1.7	1.06	1.13045
1.7	1.08	1.20463
1.7	1.1	1.27797
1.7	1.12	1.35054
1.7	1.14	1.42239
1.7	1.16	1.4936
1.7	1.18	1.56422
1.7	1.2	1.6343
1.7	1.22	1.70389
1.7	1.24	1.77305
1.7	1.26	1.8418
1.7	1.28	1.91018
1.7	1.3	1.97824
1.7	1.32	2.04599
1.7	1.34	2.11347
1.7	1.36	2.18068
1.7	1.38	2.24766
1.7	1.4	2.31442
1.7	1.42	2.38096
1.7	1.44	2.44729
1.7	1.46	2.51343
1.7	1.48	2.57937
1.7	1.5	2.6451
1.7	1.52	2.71064
1.7	1.54	2.77597
1.7	1.56	2.84107
1.7	1.58	2.90595
1.7	1.6	2.97058
1.7	1.62	3.03494
1.7	1.64	3.09902
1.7	1.66	3.16279
1.7	1.68	3.22623
1.7	1.7	3.2893
1.7	1.72	3.35196
1.7	1.74	3.4142
1.7	1.76	3.47595
1.7	1.78	3.53719
1.7	1.8	3.59787
1.7	1.82	3.65792
1.7	1.84	3.71731
1.7	1.86	3.77598
1.7	1.88	3.83385
1.7	1.9	3.89088
1.7	1.92	3.94699
1.7	1.94	4.00211
1.7	1.96	4.05618
1.7	1.98	4.10911
1.7	2	4.16084
1.72	1	0.932798
1.72	1.02	1.0104
1.72	1.04	1.08694
1.72	1.06	1.16249
1.72	1.08	1.23713
1.72	1.1	1.31095
1.72	1.12	1.38401
1.72	1.14	1.45638
1.72	1.16	1.52814
1.72	1.18	1.59934
1.72	1.2	1.67004
1.72	1.22	1.74028
1.72	1.24	1.81011
1.72	1.26	1.87959
1.72	1.28	1.94873
1.72	1.3	2.01758
1.72	1.32	2.08616
1.72	1.34	2.1545
1.72	1.36	2.22262
1.72	1.38	2.29053
1.72	1.4	2.35826
1.72	1.42	2.42581
1.72	1.44	2.49319
1.72	1.46	2.56041
1.72	1.48	2.62746
1.72	1.5	2.69435
1.72	1.52	2.76107
1.72	1.54	2.82761
1.72	1.56	2.89397
1.72	1.58	2.96014
1.72	1.6	3.02609
1.72	1.62	3.09182
1.72	1.64	3.15729
1.72	1.66	3.22249
1.72	1.68	3.28739
1.72	1.7	3.35196
1.72	1.72	3.41617
1.72	1.74	3.47998
1.72	1.76	3.54335
1.72	1.78	3.60624
1.72	1.8	3.66859
1.72	1.82	3.73037
1.72	1.84	3.79151
1.72	1.86	3.85196
1.72	1.88	3.91165
1.72	1.9	3.97052
1.72	1.92	4.0285
1.72	1.94	4.08552
1.72	1.96	4.14149
1.72	1.98	4.19636
1.72	2	4.25002
1.74	1	0.96376
1.74	1.02	1.04172
1.74	1.04	1.11862
1.74	1.06	1.19454
1.74	1.08	1.26957
1.74	1.1	1.34379
1.74	1.12	1.41728
1.74	1.14	1.49012
1.74	1.16	1.56238
1.74	1.18	1.63411
1.74	1.2	1.70537
1.74	1.22	1.77622
1.74	1.24	1.84671
1.74	1.26	1.91687
1.74	1.28	1.98674
1.74	1.3	2.05635
1.74	1.32	2.12574
1.74	1.34	2.19493
1.74	1.36	2.26393
1.74	1.38	2.33278
1.74	1.4	2.40147
1.74	1.42	2.47002
1.74	1.44	2.53845
1.74	1.46	2.60674
1.74	1.48	2.67491
1.74	1.5	2.74295
1.74	1.52	2.81086
1.74	1.54	2.87864
1.74	1.56	2.94627
1.74	1.58	3.01374
1.74	1.6	3.08103
1.74	1.62	3.14814
1.74	1.64	3.21503
1.74	1.66	3.28169
1.74	1.68	3.34809
1.74	1.7	3.4142
1.74	1.72	3.47998
1.74	1.74	3.5454
1.74	1.76	3.61043
1.74	1.78	3.67501
1.74	1.8	3.7391
1.74	1.82	3.80265
1.74	1.84	3.8656
1.74	1.86	3.92789
1.74	1.88	3.98947
1.74	1.9	4.05025
1.74	1.92	4.11017
1.74	1.94	4.16916
1.74	1.96	4.22712
1.74	1.98	4.28399
1.74	2	4.33967
1.76	1	0.994952
1.76	1.02	1.07319
1.76	1.04	1.15036
1.76	1.06	1.22657
1.76	1.08	1.30192
1.76	1.1	1.37648
1.76	1.12	1.45034
1.76	1.14	1.52358
1.76	1.16	1.59627
1.76	1.18	1.66848
1.76	1.2	1.74027
1.76	1.22	1.81169
1.76	1.24	1.88278
1.76	1.26	1.95359
1.76	1.28	2.02416
1.76	1.3	2.09452
1.76	1.32	2.16469
1.76	1.34	2.23471
1.76	1.36	2.30459
1.76	1.38	2.37435
1.76	1.4	2.444
1.76	1.42	2.51355
1.76	1.44	2.58301
1.76	1.46	2.65239
1.76	1.48	2.72168
1.76	1.5	2.79088
1.76	1.52	2.85999
1.76	1.54	2.92901
1.76	1.56	2.99792
1.76	1.58	3.06671
1.76	1.6	3.13537
1.76	1.62	3.20387
1.76	1.64	3.27221
1.76	1.66	3.34035
1.76	1.68	3.40828
1.76	1.7	3.47595
1.76	1.72	3.54335
1.76	1.74	3.61043
1.76	1.76	3.67715
1.76	1.78	3.74347
1.76	1.8	3.80935
1.76	1.82	3.87473
1.76	1.84	3.93955
1.76	1.86	4.00375
1.76	1.88	4.06727
1.76	1.9	4.13004
1.76	1.92	4.19198
1.76	1.94	4.25301
1.76	1.96	4.31304
1.76	1.98	4.372
1.76	2	4.42978
1.78	1	1.02637
1.78	1.02	1.10479
1.78	1.04	1.18216
1.78	1.06	1.25858
1.78	1.08	1.33415
1.78	1.1	1.40897
1.78	1.12	1.48313
1.78	1.14	1.55671
1.78	1.16	1.62978
1.78	1.18	1.70242
1.78	1.2	1.77468
1.78	1.22	1.84662
1.78	1.24	1.91828
1.78	1.26	1.98972
1.78	1.28	2.06096
1.78	1.3	2.13203
1.78	1.32	2.20297
1.78	1.34	2.2738
1.78	1.36	2.34454
1.78	1.38	2.41521
1.78	1.4	2.48581
1.78	1.42	2.55635
1.78	1.44	2.62685
1.78	1.46	2.69731
1.78	1.48	2.76772
1.78	1.5	2.83809
1.78	1.52	2.90841
1.78	1.54	2.97868
1.78	1.56	3.04888
1.78	1.58	3.11901
1.78	1.6	3.18905
1.78	1.62	3.25898
1.78	1.64	3.32878
1.78	1.66	3.39844
1.78	1.68	3.46792
1.78	1.7	3.53719
1.78	1.72	3.60624
1.78	1.74	3.67501
1.78	1.76	3.74347
1.78	1.78	3.81159
1.78	1.8	3.8793
1.78	1.82	3.94656
1.78	1.84	4.01331
1.78	1.86	4.07949
1.78	1.88	4.14503
1.78	1.9	4.20986
1.78	1.92	4.27389
1.78	1.94	4.33705
1.78	1.96	4.39924
1.78	1.98	4.46037
1.78	2	4.52035
1.8	1	1.05802
1.8	1.02	1.13652
1.8	1.04	1.21399
1.8	1.06	1.29052
1.8	1.08	1.36624
1.8	1.1	1.44123
1.8	1.12	1.51561
1.8	1.14	1.58946
1.8	1.16	1.66285
1.8	1.18	1.73586
1.8	1.2	1.80855
1.8	1.22	1.88097
1.8	1.24	1.95317
1.8	1.26	2.02519
1.8	1.28	2.09707
1.8	1.3	2.16884
1.8	1.32	2.24053
1.8	1.34	2.31216
1.8	1.36	2.38374
1.8	1.38	2.4553
1.8	1.4	2.52684
1.8	1.42	2.59838
1.8	1.44	2.66992
1.8	1.46	2.74145
1.8	1.48	2.813
1.8	1.5	2.88454
1.8	1.52	2.95608
1.8	1.54	3.02761
1.8	1.56	3.09912
1.8	1.58	3.17059
1.8	1.6	3.24203
1.8	1.62	3.3134
1.8	1.64	3.3847
1.8	1.66	3.45589
1.8	1.68	3.52696
1.8	1.7	3.59787
1.8	1.72	3.66859
1.8	1.74	3.7391
1.8	1.76	3.80935
1.8	1.78	3.8793
1.8	1.8	3.9489
1.8	1.82	4.0181
1.8	1.84	4.08684
1.8	1.86	4.15507
1.8	1.88	4.2227
1.8	1.9	4.28966
1.8	1.92	4.35588
1.8	1.94	4.42126
1.8	1.96	4.4857
1.8	1.98	4.5491
1.8	2	4.61136
1.82	1	1.08988
1.82	1.02	1.16837
1.82	1.04	1.24582
1.82	1.06	1.32237
1.82	1.08	1.39813
1.82	1.1	1.47322
1.82	1.12	1.54774
1.82	1.14	1.62178
1.82	1.16	1.69543
1.82	1.18	1.76875
1.82	1.2	1.84182
1.82	1.22	1.91467
1.82	1.24	1.98737
1.82	1.26	2.05995
1.82	1.28	2.13245
1.82	1.3	2.20489
1.82	1.32	2.27731
1.82	1.34	2.34972
1.82	1.36	2.42214
1.82	1.38	2.49459
1.82	1.4	2.56707
1.82	1.42	2.63959
1.82	1.44	2.71216
1.82	1.46	2.78478
1.82	1.48	2.85745
1.82	1.5	2.93018
1.82	1.52	3.00294
1.82	1.54	3.07574
1.82	1.56	3.14857
1.82	1.58	3.22142
1.82	1.6	3.29427
1.82	1.62	3.36711
1.82	1.64	3.43991
1.82	1.66	3.51267
1.82	1.68	3.58535
1.82	1.7	3.65792
1.82	1.72	3.73037
1.82	1.74	3.80265
1.82	1.76	3.87473
1.82	1.78	3.94656
1.82	1.8	4.0181
1.82	1.82	4.0893
1.82	1.84	4.1601
1.82	1.86	4.23043
1.82	1.88	4.30023
1.82	1.9	4.36942
1.82	1.92	4.43791
1.82	1.94	4.5056
1.82	1.96	4.57239
1.82	1.98	4.63817
1.82	2	4.70282
1.84	1	1.12197
1.84	1.02	1.20031
1.84	1.04	1.27763
1.84	1.06	1.35408
1.84	1.08	1.42978
1.84	1.1	1.50487
1.84	1.12	1.57945
1.84	1.14	1.65361
1.84	1.16	1.72745
1.84	1.18	1.80103
1.84	1.2	1.87442
1.84	1.22	1.94768
1.84	1.24	2.02084
1.84	1.26	2.09394
1.84	1.28	2.16703
1.84	1.3	2.24013
1.84	1.32	2.31326
1.84	1.34	2.38643
1.84	1.36	2.45968
1.84	1.38	2.533
1.84	1.4	2.60642
1.84	1.42	2.67993
1.84	1.44	2.75353
1.84	1.46	2.82724
1.84	1.48	2.90105
1.84	1.5	2.97496
1.84	1.52	3.04895
1.84	1.54	3.12304
1.84	1.56	3.1972
1.84	1.58	3.27143
1.84	1.6	3.34572
1.84	1.62	3.42004
1.84	1.64	3.49438
1.84	1.66	3.56872
1.84	1.68	3.64304
1.84	1.7	3.71731
1.84	1.72	3.79151
1.84	1.74	3.8656
1.84	1.76	3.93955
1.84	1.78	4.01331
1.84	1.8	4.08684
1.84	1.82	4.1601
1.84	1.84	4.23302
1.84	1.86	4.30554
1.84	1.88	4.37758
1.84	1.9	4.44908
1.84	1.92	4.51993
1.84	1.94	4.59003
1.84	1.96	4.65928
1.84	1.98	4.72755
1.84	2	4.79472
1.86	1	1.15427
1.86	1.02	1.23233
1.86	1.04	1.30939
1.86	1.06	1.38561
1.86	1.08	1.46114
1.86	1.1	1.53612
1.86	1.12	1.61067
1.86	1.14	1.68488
1.86	1.16	1.75884
1.86	1.18	1.83262
1.86	1.2	1.90629
1.86	1.22	1.9799
1.86	1.24	2.05349
1.86	1.26	2.1271
1.86	1.28	2.20075
1.86	1.3	2.27448
1.86	1.32	2.34831
1.86	1.34	2.42224
1.86	1.36	2.4963
1.86	1.38	2.5705
1.86	1.4	2.64484
1.86	1.42	2.71934
1.86	1.44	2.79398
1.86	1.46	2.86878
1.86	1.48	2.94373
1.86	1.5	3.01883
1.86	1.52	3.09407
1.86	1.54	3.16945
1.86	1.56	3.24496
1.86	1.58	3.32058
1.86	1.6	3.39632
1.86	1.62	3.47214
1.86	1.64	3.54804
1.86	1.66	3.62399
1.86	1.68	3.69998
1.86	1.7	3.77598
1.86	1.72	3.85196
1.86	1.74	3.92789
1.86	1.76	4.00375
1.86	1.78	4.07949
1.86	1.8	4.15507
1.86	1.82	4.23043
1.86	1.84	4.30554
1.86	1.86	4.38031
1.86	1.88	4.45469
1.86	1.9	4.52858
1.86	1.92	4.6019
1.86	1.94	4.67453
1.86	1.96	4.74636
1.86	1.98	4.81724
1.86	2	4.88705
1.88	1	1.18679
1.88	1.02	1.2644
1.88	1.04	1.34104
1.88	1.06	1.41689
1.88	1.08	1.49213
1.88	1.1	1.5669
1.88	1.12	1.64131
1.88	1.14	1.71549
1.88	1.16	1.78951
1.88	1.18	1.86344
1.88	1.2	1.93735
1.88	1.22	2.01127
1.88	1.24	2.08526
1.88	1.26	2.15934
1.88	1.28	2.23354
1.88	1.3	2.30789
1.88	1.32	2.3824
1.88	1.34	2.45708
1.88	1.36	2.53195
1.88	1.38	2.60702
1.88	1.4	2.68229
1.88	1.42	2.75777
1.88	1.44	2.83345
1.88	1.46	2.90934
1.88	1.48	2.98544
1.88	1.5	3.06174
1.88	1.52	3.13823
1.88	1.54	3.21492
1.88	1.56	3.29178
1.88	1.58	3.36882
1.88	1.6	3.44602
1.88	1.62	3.52336
1.88	1.64	3.60084
1.88	1.66	3.67842
1.88	1.68	3.7561
1.88	1.7	3.83385
1.88	1.72	3.91165
1.88	1.74	3.98947
1.88	1.76	4.06727
1.88	1.78	4.14503
1.88	1.8	4.2227
1.88	1.82	4.30023
1.88	1.84	4.37758
1.88	1.86	4.45469
1.88	1.88	4.53147
1.88	1.9	4.60786
1.88	1.92	4.68375
1.88	1.94	4.75902
1.88	1.96	4.83356
1.88	1.98	4.90722
1.88	2	4.97982
1.9	1	1.21952
1.9	1.02	1.2965
1.9	1.04	1.37254
1.9	1.06	1.44786
1.9	1.08	1.52266
1.9	1.1	1.5971
1.9	1.12	1.6713
1.9	1.14	1.74536
1.9	1.16	1.81937
1.9	1.18	1.8934
1.9	1.2	1.9675
1.9	1.22	2.04171
1.9	1.24	2.11607
1.9	1.26	2.1906
1.9	1.28	2.26533
1.9	1.3	2.34028
1.9	1.32	2.41546
1.9	1.34	2.49089
1.9	1.36	2.56656
1.9	1.38	2.6425
1.9	1.4	2.7187
1.9	1.42	2.79516
1.9	1.44	2.87188
1.9	1.46	2.94887
1.9	1.48	3.02612
1.9	1.5	3.10363
1.9	1.52	3.18139
1.9	1.54	3.25939
1.9	1.56	3.33762
1.9	1.58	3.41609
1.9	1.6	3.49476
1.9	1.62	3.57364
1.9	1.64	3.65271
1.9	1.66	3.73195
1.9	1.68	3.81135
1.9	1.7	3.89088
1.9	1.72	3.97052
1.9	1.74	4.05025
1.9	1.76	4.13004
1.9	1.78	4.20986
1.9	1.8	4.28966
1.9	1.82	4.36942
1.9	1.84	4.44908
1.9	1.86	4.52858
1.9	1.88	4.60786
1.9	1.9	4.68683
1.9	1.92	4.7654
1.9	1.94	4.84346
1.9	1.96	4.92086
1.9	1.98	4.99744
1.9	2	5.073
1.92	1	1.25246
1.92	1.02	1.32857
1.92	1.04	1.4038
1.92	1.06	1.47841
1.92	1.08	1.55263
1.92	1.1	1.62662
1.92	1.12	1.7005
1.92	1.14	1.77438
1.92	1.16	1.84833
1.92	1.18	1.9224
1.92	1.2	1.99666
1.92	1.22	2.07112
1.92	1.24	2.14583
1.92	1.26	2.22079
1.92	1.28	2.29604
1.92	1.3	2.37158
1.92	1.32	2.44743
1.92	1.34	2.52359
1.92	1.36	2.60007
1.92	1.38	2.67687
1.92	1.4	2.754
1.92	1.42	2.83145
1.92	1.44	2.90922
1.92	1.46	2.98732
1.92	1.48	3.06573
1.92	1.5	3.14445
1.92	1.52	3.22348
1.92	1.54	3.3028
1.92	1.56	3.38242
1.92	1.58	3.46232
1.92	1.6	3.5425
1.92	1.62	3.62293
1.92	1.64	3.70361
1.92	1.66	3.78452
1.92	1.68	3.86566
1.92	1.7	3.94699
1.92	1.72	4.0285
1.92	1.74	4.11017
1.92	1.76	4.19198
1.92	1.78	4.27389
1.92	1.8	4.35588
1.92	1.82	4.43791
1.92	1.84	4.51993
1.92	1.86	4.6019
1.92	1.88	4.68375
1.92	1.9	4.7654
1.92	1.92	4.84678
1.92	1.94	4.92775
1.92	1.96	5.00818
1.92	1.98	5.08788
1.92	2	5.16661
1.94	1	1.28561
1.94	1.02	1.36056
1.94	1.04	1.43472
1.94	1.06	1.50842
1.94	1.08	1.58189
1.94	1.1	1.65531
1.94	1.12	1.72879
1.94	1.14	1.80241
1.94	1.16	1.87624
1.94	1.18	1.95033
1.94	1.2	2.02471
1.94	1.22	2.09941
1.94	1.24	2.17444
1.94	1.26	2.24983
1.94	1.28	2.32559
1.94	1.3	2.40172
1.94	1.32	2.47823
1.94	1.34	2.55513
1.94	1.36	2.63241
1.94	1.38	2.71008
1.94	1.4	2.78814
1.94	1.42	2.86658
1.94	1.44	2.94541
1.94	1.46	3.02461
1.94	1.48	3.10419
1.94	1.5	3.18414
1.94	1.52	3.26445
1.94	1.54	3.34511
1.94	1.56	3.42612
1.94	1.58	3.50748
1.94	1.6	3.58916
1.94	1.62	3.67116
1.94	1.64	3.75347
1.94	1.66	3.83607
1.94	1.68	3.91896
1.94	1.7	4.00211
1.94	1.72	4.08552
1.94	1.74	4.16916
1.94	1.76	4.25301
1.94	1.78	4.33705
1.94	1.8	4.42126
1.94	1.82	4.5056
1.94	1.84	4.59003
1.94	1.86	4.67453
1.94	1.88	4.75902
1.94	1.9	4.84346
1.94	1.92	4.92775
1.94	1.94	5.0118
1.94	1.96	5.09544
1.94	1.98	5.17847
1.94	2	5.26064
1.96	1	1.31897
1.96	1.02	1.39235
1.96	1.04	1.46513
1.96	1.06	1.53769
1.96	1.08	1.61027
1.96	1.1	1.68301
1.96	1.12	1.75601
1.96	1.14	1.82932
1.96	1.16	1.903
1.96	1.18	1.97707
1.96	1.2	2.05155
1.96	1.22	2.12647
1.96	1.24	2.20182
1.96	1.26	2.27763
1.96	1.28	2.35389
1.96	1.3	2.43061
1.96	1.32	2.50779
1.96	1.34	2.58542
1.96	1.36	2.66351
1.96	1.38	2.74206
1.96	1.4	2.82105
1.96	1.42	2.9005
1.96	1.44	2.98038
1.96	1.46	3.0607
1.96	1.48	3.14146
1.96	1.5	3.22264
1.96	1.52	3.30424
1.96	1.54	3.38625
1.96	1.56	3.46867
1.96	1.58	3.55148
1.96	1.6	3.63468
1.96	1.62	3.71826
1.96	1.64	3.80221
1.96	1.66	3.88652
1.96	1.68	3.97118
1.96	1.7	4.05618
1.96	1.72	4.14149
1.96	1.74	4.22712
1.96	1.76	4.31304
1.96	1.78	4.39924
1.96	1.8	4.4857
1.96	1.82	4.57239
1.96	1.84	4.65928
1.96	1.86	4.74636
1.96	1.88	4.83356
1.96	1.9	4.92086
1.96	1.92	5.00818
1.96	1.94	5.09544
1.96	1.96	5.18249
1.96	1.98	5.26915
1.96	2	5.35508
1.98	1	1.35253
1.98	1.02	1.42377
1.98	1.04	1.4948
1.98	1.06	1.566
1.98	1.08	1.63754
1.98	1.1	1.70952
1.98	1.12	1.78198
1.98	1.14	1.85495
1.98	1.16	1.92844
1.98	1.18	2.00248
1.98	1.2	2.07706
1.98	1.22	2.15219
1.98	1.24	2.22787
1.98	1.26	2.3041
1.98	1.28	2.38086
1.98	1.3	2.45817
1.98	1.32	2.53602
1.98	1.34	2.6144
1.98	1.36	2.6933
1.98	1.38	2.77273
1.98	1.4	2.85267
1.98	1.42	2.93312
1.98	1.44	3.01408
1.98	1.46	3.09553
1.98	1.48	3.17747
1.98	1.5	3.25989
1.98	1.52	3.34279
1.98	1.54	3.42616
1.98	1.56	3.50999
1.98	1.58	3.59428
1.98	1.6	3.67901
1.98	1.62	3.76418
1.98	1.64	3.84979
1.98	1.66	3.93582
1.98	1.68	4.02226
1.98	1.7	4.10911
1.98	1.72	4.19636
1.98	1.74	4.28399
1.98	1.76	4.372
1.98	1.78	4.46037
1.98	1.8	4.5491
1.98	1.82	4.63817
1.98	1.84	4.72755
1.98	1.86	4.81724
1.98	1.88	4.90722
1.98	1.9	4.99744
1.98	1.92	5.08788
1.98	1.94	5.17847
1.98	1.96	5.26915
1.98	1.98	5.35974
1.98	2	5.44993
2	1	1.38629
2	1.02	1.45442
2	1.04	1.52333
2	1.06	1.593
2	1.08	1.66343
2	1.1	1.73461
2	1.12	1.80651
2	1.14	1.87912
2	1.16	1.95244
2	1.18	2.02644
2	1.2	2.10112
2	1.22	2.17648
2	1.24	2.25248
2	1.26	2.32913
2	1.28	2.40642
2	1.3	2.48433
2	1.32	2.56286
2	1.34	2.64199
2	1.36	2.72172
2	1.38	2.80204
2	1.4	2.88293
2	1.42	2.9644
2	1.44	3.04644
2	1.46	3.12902
2	1.48	3.21216
2	1.5	3.29584
2	1.52	3.38005
2	1.54	3.46478
2	1.56	3.55004
2	1.58	3.63581
2	1.6	3.72208
2	1.62	3.80886
2	1.64	3.89613
2	1.66	3.98388
2	1.68	4.07212
2	1.7	4.16084
2	1.72	4.25002
2	1.74	4.33967
2	1.76	4.42978
2	1.78	4.52035
2	1.8	4.61136
2	1.82	4.70282
2	1.84	4.79472
2	1.86	4.88705
2	1.88	4.97982
2	1.9	5.073
2	1.92	5.16661
2	1.94	5.26064
2	1.96	5.35508
2	1.98	5.44993
2	2	5.54518
